m mu
,1111111 otu 1. 1,111. 111. 7, 1117. 1111. 1111. verb· 1. 1,11. o. 1,111. 1,

111111111111111611111111 8199. 118. 11, 106. 346 1816171111611. ,

4, 387 1111ο111π1511161110,661 4611. 666. 6, 131. 7,117.
11111111 10, 76 ventosa 11111. soen. 611111 11, 8, 166. 404. 11, 688. 11,
1111111116. 1441611618. 708161111111 11, 366. 318. 911

1, 7436671 111111111111116118. 1,106. 1111111111 11, 1111
venio 6, 716. 8, 381. 16, Ε.6,336 verbenas E. 8,65. (1.4,131

881 ventosa· 111111,848 verbera 1, 309. 3, 168161.
1111111619. 11 1111111161· 11111111 ceciderunt 1111111111 111. 6, 147. 6, 668. 1116.

bus 111 7, 476 111111 1,1,11 “ 461. 16, 586. 11, 876
113111111111111111111111111, 111161111611111111ῙΕ8Α49 Ι 111111ςὶ1 111111 151631717 3.,ῗὲ

111111111111111111111111 11 111 1111111 ,111
1·111111116.111111111111,183. 11111111184, 111 m 1111111119,669’6111111110,

111111 erroribus pelugi 6, ventris 1111111 AE. 1, 366. pro- 1118.11111111111111110,813.

631 luvies 3, 116 1111 athen 11, 766
venis 11111111 11. 3481. 4,138. 1111111111111111 111111 G. verbere G.3, 106. AE. 7,³78

1111111 1,136. AE. 8111111 me. 1111011111 .4,161. 1111111 G 1118161196.

111111111111111111 (1.1,166 111111111648. nd 11- 371. 7, 330. 10, 64. 11,107.

1111 vulnus 1111111111 841 des 8, 361. 111 111111 111111 380
venisse 4, 191. 7, 768. 8, 111710. 111 1111111111 1111· 11111116,647.10,647

110 1111111111 11, 739. 16 111· 11161111191811
venissem inductus 111. 6, [1111111111 11863 1111111118 111671 (1.1,

460 ventum 1111111111 5, 16. 446 43. 116. 340. 1, 311. 314. 3,
1’111111111,761.11,186 venturu nom. sam. desuper 171. 4111411134
11111111111111116,687 urbi 1111111111 1, 47. nub 1116111.1Ε.6,1883,617
venistis 1, 369. 1,117. 8, 11111111111111111111116116, 11ηο111111111111119,3)1

171 7911111111111111111111111111. 11111111· 111111 11161
venit 1111111118. 3, 36, 60. 7, 111111111111111 (1 4, 393. 111111111161111111111 6111

1111111. 11111 a 1,1111. 1111111111, 1111111111, 111

311. 1, 68. 136. 3, 496. 4, 468. 9, 643. 11111111 Ascanio 11111111· 111111. Ε.8,4

97. 418. 649. AE. 1, 697. 4, 8, 666 vergunt, 111111111161111161

39. 6, 604. 8, 516. 9, 411. 1111111111οωὶ16.4, 166 ad 11111111 11611111169, ,

633.11,149 1110111111111111111111161111· 138
111111111111111118130. 4, 4. 1111 Pelopea 61. 9, 194 vemt quo pondere 1111111 Ε.

16, 1114. G. 2, 310. 619. venturi [1111111666. aevi 8, 11, 717

61ΗΗ6Μ1 w mfflufflmmss

119. 314. 3. 138. 417. 661. venturo 111616 E. 4, 52 188. 7, 451. 111631

6, 846. 6, 615. 7,·199. 766. venturos nepotes 63168, veris 1111111111 implet 8111111031

8, 319. 9, 766. 11, 411. 638. Teucros 111 1111111111 1111111 ⁴3⁴· 1111111111 61894

733 3, 186. nautis 1111111 10, veritam 11 mmuh 1116141
venito F.. 3, 77 99 96 Η
veniunt (1.1, 11. 617, 98. 9, 11111ω1111161111,11.6111 veriti, quod nunquan 111111

644 1116111116, 346 sumus E. 9, 3. m 111111
11111111. 3, 73. 81. G. 1,163. venturus in unum 8, 676 1111111 AE. 6, 613

4,9.16.1,133.1,416.3, 1111111111.1,411.431. 461. 1161111694

69. 196. 337. 6,10. 763. 6, 1, 311. 111, 3, 1311. 169. 411. 1116111111.

361. 7,17. 9, 91. 10, 366. 443. 668. 6, 777 vero 11111111, nomine G· ⁸,

676. 11, 367. 466 1111111111, 741 180
ventis Ε. 1,16. G. Ι, 366. 436. Venulus 8, 9. 11, 141 verrunt per 11111 AE· 11 ⁵⁹

1, 133. 3, 3011111186 Venus (1.3,167.4,616.111. 11111611111116111111011 111·

1, 43. 319. 614. 661. 1, 643. 1,119. 316. 336. 386. 411. phines 8, 674

111. 1,111. 111. 113. 111. 1, 611. 111. 1,1111. 1,111. s, 11111111111116316

311.111.5,111.111.1,15. 3111. 1111 1111111111. ..1111111111 1111 61.

1111, 11111. 11611. 101. 1111. 111. 11, 111. 111. 1111

10, 69. 466 786 11111611111111116.31ὓ9
vento G. 1, 334. 366. 431. vepres G. 1, 171. 3, 444. AE. 1111111111 11111111 11111116ὶὲ1

1111111. 1111111111. 1611 11111116611111

AE. 1, 66. 181. 307. 333. 1, ver 11. 9, 46. G. 1,313. 1, 149. 111116,310

16. 186. 768. 3, 473. 4, 46. 313. 338. 4, 77 versa 111111. 1111111. 1166111111·

149. 6, 109. 0, 636. 11, vm 11111. smmi 111 samu 1111611611111111476

686 4,41. 613661111111111111- 1111111161. 1111111 Mum
ventorum 1. 1,111. 11. 1, tuit de· 1, 405. 11111111 11111111111111111118
141. 3, 676 proles 8, 301. 111111. phar. 111 AE. 6, 141
ventos G. 1, 61. 361. 360. 3, 11111111, 78. 11111, 149. versabat 11111111 19 Μ
133. 318. Ε. 1, 63. 1, 116. 1111111111,161.1111113,316. [1111111616
3, 77. 116. 614. 4, 146. 167. obscuris involvens 6, 100 versu 11 ωρὴγηῦωψ
111. 111. 11151111. vem 1,119 ww

 

