011 7101108. nnn

11111,111.11111111,10 gero pecori 3, 419 11111 G. 4, 334. AE. 6, 393433
1111011 Mincius Ε. 7, 13. 111111· 1111111. Ε. 3, 38. AE. 6, 817 111111111111 11111111 111113,
1117,46.1111110,74.11- 111 11111110.1,198.4,37.10. 433
nectus AE. 0, 304. gen. Ly· 0, 003. 7, 433. 10, 807. 898. tite 8.. 10, 40. G. 4, 38
enititum 11,148.13,100.303.111 11111 pocula ³,880
111101111111 gramine ripn 3, 11111111111111111,039 vitem 1, wi. 3, 373. 383.
144 1111 eum 1111111111 111 1111- 407
11111111 inimum 1111111111 01. andito n'ng. snm. 0. 3, 510. 11111 nom. E. 9, 43. 0. 3, 91.
11,111 11. 1, 111. 1, 111. 1111. 911111111111, 11.
viriles animos 3, 343 4, 387. 007. 0, 010. 733. 0. l, 3. 3,191. 399. 4, 331
virttis 111117,οθ 708. 6, 871. 7, 73. 400. 13, 11111,305
11111 nt. E. 3, 7, 0. 1, 313. 14111111. pinr. 0. 1, 478. vitibus 11. 6, 33. 0. 3, 331.
AE¹ 1,91. 3111. 017. 5, 301. AE. 3, 90. 4, 401.8, 530 333. 331410
9, 030. 10, 010. 101. 1, 440. 11111 onnes 1111111 per 11111· vitio 111111111111101111111111
493. 7, 044. 9, 009. 11, 1111110317 E. 7, 07
300 11111110 3, 009. 4, 303. 005. 11111111 111111 G. 3408
1111. 1, 11, 1.. 1, 111. 5, 11.. 1, 111. 1111. 1111. 11111.1,1ο.1,11.1,911.1,
303. 380. 6, 333. 890. 7, 100. 0, 099. 833. 7, 374. 8, 180. 01. 0. 3, 203
8, 13. 441. 10, 83. 003. 11, 644 vitisator pater 8111111111 10. 7,
690. 13, 319. 430 1111100113, 033. 10, 737 179
1111 marito 11. 8, 33. AE. 4, 11111 0. 1, 139. 4, 41 vitium 0. 1, 83
193. 7, 03. 368 viscum AE. 6, 300 1111 11111111 01. 3, 367
111111110301. 734 11111011111111110.4,309 111110 1101 Fucinus 7, 709
vinorum 3, 103, 8, 300 111110111100 18. 2, 03 vitreis sedilibus G. 4, 300
11111 0. 3, 300. 4, 333. 111. 1, visentem regna 8, 107 11111 11,1,11 0. 3, 487. AE.
340. 000. 043. 3,108. 403. visi 311111110111118, 100 4, 037. 6, 060. 7, 418. 8,
797. 3, 8. 0, 177. 0, 74100. visis 11111111 1111111113, 173 138 10, 038 ‚
331. 83⁶. 015. 814. 80117, 1111 Tyrrheni sauguine 10, 111111 3, 133. 106. 7, 303
1111111111. 1, 111. «1111, 111 111111,111.111.111.1,111.
07. 193. 318. 450. 403. m. 1111 supinum 1, 111. 3, 031. 7, 337. 403
11111, 111. 111. 11,11. 1,111.7,11.1,111.1,111. nnis 3, 11. 11. 1110. 1,
11.111.11,111.111.111 511. 11,131. 11,111 111
111111111111111111111111110 1111 nomen 3, 313. 383. 0, vitula Ε. 3, 77. 109. G, 4,
(1.1,08 90. 6, 710. 8, 109. 10, 447. 040

virttis 1111101111. 390. 11, 371 vituium 12. 3, 39. 48. 80

4, 3. 0, 344. 363. 400. 704. visum est 111 Neptuno G. 4, 1111111 G. 3, 190. 3, 107. 164.
0, 130. 8, 131. 0110. 0, 741. 394. din 111111 AE. 3, 438. 4, 434. AE. 0, 773
790. 11,1111,711.811.11, mibi iiinm considere in 1111111 (1.4,3119
313. 880. 444. 13, 714 111113034111111111111111 viva 1111. 1111. pinntntn 3,
virtuto 0, 308. 7, 257. 8, tte. gentem 111. 3, 3. hon 11111 37. sulphura 3, 449. 111111
9, 011. 11, 441. 13, 30. 4, 400. donum longo pist 1111114,330 corporali. 6,
837 tempore 0, 409. 111 haud 391
virtutem 3, 342. 0, 800. 9, 11111109,370 111111111111 13. 7,30. oiim
034. 10, 308. 13, 430 vitum marinos 11111 abiet 0. G. 3, 181
11111111 1, 006 3, 08 vivendi 11111111 AE. 10, 840
11111601104, 17 111111 81111111 AE. 0, 108 vivendo vici 11111111 11, 160
11111111 111. 10, 409. 703. 11, 1111111,1111111111111 vivo 8, vivens 111111 tui 10, 849
37. 415. 13, 338 076 viventes 10, 019
111111 13131111. 1,10. 101. 11111 micinam, 371. 083. 1111111,313.7,70.9,013
0403, 380. 3, 399. 0, 379. 733. 8, 38. 9, 111 1111111119, 10
0, 174. 410 490. 809. 7, 09. 1111111111 3, 000. 0, 30. 4, vivi {ononimus 9, 3. 11111
8, 104. 9, 037. 10,644. 11, 377 0. ,409
334. 033. 040· 747. 13, 483. 1111 0. 3, 407. 3, 10. 4, 303. 11111111111111111 AE. 0, 704.
1111111113,744.4,000 AE. 4, 700. 0, 724. tis 6, 111111 011111 10,009
1110111 11111111 (1.3,143 111.111.111.1ο,131.111. vividus Umber 13, 703
174. ,340 3, 9. 303. 383. 11, 831. 13, 903 11111111 3, 311
111.1,87.101.119.3,18. 11111 0101013118. 111110, 104. 004. mett. 11,
313. 783. 4, 190. 0, 148. 0438738. 838. 7, 771. 10, 111. 1111010111 13, 314
309. 0, 053. 001. 689. 784. 408. 11, 180 11111 111111 tegendo 0. 3,
873. 7, 030. 8,113. 197. 9, vitales 1111111 1, 388 4041111 111111 11111110.
307. 471. 479. 777. 10, 312. 111111 8. 4, 10. 0. 3, 033. 038. 4011111110111 11111110,
117311, 133. 3110. 007. 13, 3, 047. Ξ. 3, 93. 140. 033. 681
333 037. 041. 3, 310. 040. 4, 340. 111111 111111 0. 8, 00. 1111111
1011111111,οΜ 000. 0, 330017. 0, 003. 7, 01. 9,4911
11111111111101111111 11111111- 034 8, 409. 077. 9, 497. 087. vivo 1111. 8, 070. 10, 800
111110.1,139.1111111011111· 704. 10, 611. 11, 118. 617. vivo 11111111 mo 1, 167. 8,
1111011111113381. 11111· 13, 879 088. moro l, 731. 0111111

 

