178 INDEX

3,6.-1661111611111111 (1.1, 618. 3, 186. AE. 6, 149 631. 744. rebus 9,199.11

90 sulcum (1. 9, 69. 61. 10, rebus 11661961166116
Sucronem Rutulum AE. 19, 996 9, 676. ripis 11, 647

606 16161119, 697 1661616 66161161 G. 1,409. 6.
sudabit 16116111. 3,903 Sulmone 10, 617 7,619.6611111 G. 6, 171.
16666661 quercus melle E. 4, Sulmonis 9, 419 116616 18. 1, 106. 61111,

³0 sulphura (1. 3, 449 “ 110.11111111,993.19,863.
166161 humore 166666 G. 1, sulphure AE. 2, 698 Jove 1, 380. 6, 193611 1,

117. 1116 1, 480 1616116111 equi 7, 617 737. umbone 9, 646. 1111166
suduulielignoodoreto 66111161 1616, 166161, 1661, 16616, 661· 9, 689. 4, 16866611111113,

9, 118 rim. 99. 1666119666. 6111111111
1666111 sanguiue 111161 AE. 9, sumat quo'r 6116111161616 4, 6,197. lusui. 61116116,

689 984 668. 16 summo 6669 61
1661616116111 6611666611ὶοί· 16616 66616 E. 6, 88. pstor 1616111993. inveniremur·

66111864 AE. ,638 11111,696.0166611,796
16661 (1. 9, 96. 369. AE. ll, sumere 1611611 161661 E. 6, 36. 11 (6166166611 1918971-

473 611611 AE. 9, 676. d, 601. 116166 lusu
sudibus 7, 694. 11, 894 11111161 7, 3911 16611661 1116616111, 118
sudor G. 8, 444. 601. AE. 9, 161611 poenes inimico e 166· 161616616111611111611631,6

174. 3, 176. 6, 900. 161- guine 11,790.616616111 summum 61666116 (1. 9, ill·

mundus G. 3, 664 sauguine 19, 949 1611 9, 199. ulceris 611,
sudore AE. 9, 468. 19, 838 1616111 611661 9, 103 463. 16 summum 11611 4,
166616 1119477. 6611666111 summu 66111. sing. 61661 (1. 3861616616 61. 7,64. 19,

AE. 8, 699 · 3, 493. 111 AE. 9, 399. beo 499. 661661 19, 376
1661 G. 1, 400. 9, 79. 690. 3, 6114, 987. 661 111661 66161- 1661611 11161 19, 31

497. AE. 6, 97. 7, 17. 11, 111 10, 100. berc beli 19, sumpsisse 6166119686

108 679 sumptis pharetris (1.9,196
16611 1666161111 66116 666616· 1661611161. (1.9, 30016 equi , armis AE. 9, 618. 676

616118, 641 · 1369116613, 196. 6661 , 1616661 611 6611161611 G· l,
161161 5,⁴0·.’. 1111 ego 6111111 4, 86918. 1, 197. 6, 367Ι 387

6, 414 11661611.4,667.1166111.9, supellex l, 166
suffecit 16 616 19, 739 41. 4, 410. 6, 6111 7, 70. 9, 16611, 16611 11111 1161111166
16116611 sunguine 9, 910 86. urbe 7, 171. ub 1616 9, super 6611111661 AE. 9, 5⁶7-
16111111 9, 499 417. 66616 11 u, 639. 19, 669. 16111111 6, 17. 11 611 11611
suffice 6161616 111116 euelli 611611,309. 16 busti 11, 161166111661666111,659 1

1666116666.3,66 747 neque lugejem 16611 ull· ,
16616161111119, 191 16166116161.61111 111111.661- pendiculum ¹
1661616161, 666 1616666166- 61161 Ε. 1, ae. (11161111 AE. 166616 6111. 1666116611 low

6111 contri Ε. 6, 99 9, 463. tegmine 10, 476. 611. 6611116161 66661163111
sufficit humorem 161161 (1.9, 6161111611. 9,47. fle 111 supplicibus 66611 imque

494161166111161666 1116611 G. 9, 300. Lycei 8, 811.θ 4, minusque 8, 61

AE. 9, 618. 616 umbo 1611661 639. flumine 4, 66. lastigie supere 1166116 6661111 blm

9, 810 rerum 18. um 6611111119, 10, 961. 1111 6787. ull!
1611161661 pastoribus umbram 996. 66116161 116119, 696. 7, 669

(1.9, 436. 1616 regem opes lastigie 9, 768. scopuli 6, 1666111111 8611111 1611151

4, 909. neo jem AE. 9, 180. por equore 6,819. ou· 619

616. 666 6616611 1111119, 6616161 6, 678. gremino 7, 16611661116111161611111116-11

919 8081166611 19, 174. 6166· 936
suffire thymo G. 4, 941 11 19, 484 superaddite vitis 16116 F. 3,
16661161616161616666 1611, 166166666161611 9, 166. 9, 38

671 161. lde 9, 801, plur. silvae superaddite 1616616 6111611 6
1611661111 611 ruborem (1.1, (1.3,199 · 49

430 summum belli 111. 10, 70 1661166611 omnis 1611111 le-
sulluse oculos lucrymis AE. 1, 16166111 116611 (1. 9, 939. 16666111616710

998 ulmos 9, 961.11616613,466. 166111611611111111616111473
suggere 1616 mibi 10, 388 under Ε. 1,147. 11611 9, per deserte 6166111 111111
1666646616661611661111111161 616. 61966 Γ19ἱ 6662 oga. 166611311121666666ἑῃ1ᾈῙΞῙ-69ιξ·

sees, .orses 61 ,66

1111116611. gen. 19, 170 1661611 66111611,786 ’ 6116 7119919. 6111191119
1616161 vedu 661168 6, 168 1661611611111 1, 666. leoli 9, nivibus5,71³.leruslour⁰⁵
161661 611111 661161 10, 197 809. 4, 186. 8, 96. culminis 8, 116. 16111193111111111
16161 (1. 1, 916 9, 468. Olympi 7, 668. 1116- 676
161611 1163611. 1, 134. 993. 11611 19, 881 1116111616 1116 Ι, 637. lulu-

9, 94 16166111 rupibus G. 9, 187661· 66 9, 311. 1666181194
soluo 1, 46. 68. 9, 989. AE. l, 6111613370116111699460. superero Pboebum 6161666 Ε·

496. 6, 844 montibus 9, 696. 111, 766. 6, 9. 11116 viem (1.8, 141
16166117. 4,33. (1. 1,113. 9, 11,837.1’11111616,996. 9, fontem 7116111 Ε 11111

 

