01 1101103. tta

1111511111110.12181810, 01101 et 1111111 11 1010111111 13111101 11111111 G. 4, 524
470. 12, 541. 550. ’110111 1111 ,85319801010111 OEnute nuc. 110111. rin· AE. 7,
12, 828 8, 223. 12. 731. et janntn et 734

occisis 1111111111, 193 ventos aequante sagina 10, OEbatiae 11011141101111111184,

011110711110111 111, 312. paa- 248 125
1010 101101 11, 811 11111111111111 Ε. 7, 8. AE. 4, 11101111Ιί110 AE. 8, 201

occubat umbris 11111111 1115 294 5,1128. 8, 101278 444. (11110111 1111151123, 165
1111151011,547. quo 1111101 555. 111, 780. 12, 555. 13110111011110117.35
5, 371. 01111 [1111111111 10, 081 0111111111.3,148
7115 Ocnus 10, 198 OEtam 11111 (111111111111111013.

occnlnt sese 1111111111 12. 53 0011111 7. 534 8, 524 8. 30

occule 1110111 111111 G. 2, 347 octo G. t, 171 0111111118 5, 420

010011111011100501011111111111. 0101143505. 1811111200. 00οὲ1111000 imngnvocisG.
1311 , 47 4, 1

occultabat 11110 11111018, 211 ’ ocutis E. 5, 57. G. 1, 133. 2, offer tc perietis AE. 7, 425

0110111111 spineta lacertus Ε. 2311. 255, 4, 499. 11]. 1,110. 011111 sese 1111111 Ε. 3, 55. sc
2,9 591717. 2. 58589. 740. 4, 1101111 AE. 2, 371 0111111111-

010111111111110. 18011111 2711372 3895311551591. 1110115015,291 1111111001
AE. 3, 595 0111111121111611. vocibus juveni 7. 42011

0110111. medicans 12, 418 145. 8, 81 223. 254 592. 9, paci 1011110111 7, 535

1100111101 per 1111111 9, 383 1111200. 558. 703. 731. 10, officiant herbae frugibus G. 1,

0110111101 saporam G. 3, 307. 515. 772. 11, 726. 814. 12, 09
1111111113.1,683 1111115111111411 0111111111 1111111111 1101111111

occumbere campis 1,117. 7, cenomannum princ ipsum 111111 ” pronc-
294. 1110111252 000101 imponere G. 2, 73 cnm AE. 1, 548

occumbes pariter 10, 805 0101013,52.1.4,451.1Ε. 1,114. officiunt intyba Strymoniaeque

occupat supernatus sessos G. 228 4112. 2. 210. 531, atu. 11011111111111110. 1, 121
4, 190. 1011111111110111101114, 587 773. 3, 150. 490. 4, 220. 01111 4111111 AE 1, 41
4411110111 tamn 1110111 AE. 353 411 1188. 5, 508. 577. 0111111011 Taburnum (1.2,
3, 214. orn pattur 4, 4119, 011.115.813.11,100.7,151. 38
AEuean aditum 5, 424. 035. 42118152 251. 310 018. οΙ111ςῐι111111112,31
anus tremor 1,1111. 11,114. 11417, 1114111115. 11,111. 011111110111110111.
gladio Lynceum 9, 710. 311480501745810887. 11, 1111
quem 1101110011· occupat 11,31111.481631.007.105. 01001110 1,1100
1111110 103114 01 111111111- 930. 939 0111110113,125
que 1111111101 10, 590. 01 01111111 Ε. 3, 103 oleaster 2, 182. 314. 4, 20. AE.
1111010111 12,3110 uuna sedem sinyttae 3, 452. 127611.

01101111 orbem 11110111 7, Nomadum tyranni 4, 321. 01111 G. 2,420
258 cocunea 1111111111 1101 11111111- 011010151111018.2,11.11111101

occurramus 01110111 undem trum 7, 321 11111110. 1,1118
111, 212 01111111 diem 10, 505 olentia 01112, 134. 0111115113,

00101111 hostilis 111111 3, 0111111110νί 2,95.’111101111111 5114111111111011114311111-
4117 111, 9115 ve 01101111 centaurea 4,

0010111111 imago 5. 690 odiu 1, 658. 4, 023. 5, 785 7, 270

0111111111 1,111121011111113111- 298. 335. 10, tt. 092. 353. uteo 1, 273. 2, 222. AE. 3,281.
adum 11, 503. pugnae 11, 11,122.12,938 5,135
523.11111111101111111,8118. 011100511111111111111011133, 01111111 G. 1, 302. AE. 5,
,1011111111 111 omen nffem' 12, 33 254
854 0111111 1110111111 AM, 158 011111 pru tempure preterito

nectunt 3, 82. 5, 35. 10, 220. odit Ε. 3, 90. AE. 7, 327. 12, 1110111110, punam.

352. uec jana 1111011111 ulta 431 oliva 5, 309. 4114. 7, 751

tettae 5, 9. 1111 Tydeus 5, 01110111 1111111111351 011110 11. 5,15. 8, 15. G. 2,

479 0111101111111111010,734. 011010 3, 2514, 49 3. 85. 181. 3, et. AE. 5,

1111011111 Γ 1111111111 tactu. 0110111 canum 1111 AE. 4, 132 774. 6, 230. 303. 7, 415.

1011111Η111112,530.1111001 odoratum cedrum G. 3,414. 8, 115

1111111 12,(121 13713 olivam G. 2, 425
1111111111111111011111110 119, 01101110 tigno 1111111110111- 01111 11. 5, 58. G. 2, 455

25 1111111110,2,118 31001104, 0111111111 Μο11111111 AE. 7,
Oceani G. 3, 359. 4, 233. AE. 2711 711

4, 480. 8, 5110 odoratumtnurtncmueAE.6,558 0111111 111111 5, 225
001111101111111111100110011110 011011 7, 480 01Ιί itti 1. 254 5,10. 107 284.
11,1, 111 onorem 11,1, laenate. AE. 1111. aena, 111. 1,111. nn.
0111111, 1111. tat. 1, ant. 1. 1011111 1, 11 11,1111. 11., 111» 11,
{EG 1, 287. 745. 2, 2511 7, augrus E. 2, 55. G. 1, 55, 4, 1211. 936. 12,18. 309. 537.
2 114 tuas-29
Oceanum G.4,35·2.AE.4, 120. οι1011111111111110110111111812, 1111111111010
7, 101. 11,1 412 01011111 11, 580

 

