θ) INDEX

11, 374. 1101111111 1, 76. 336. 0001111001 concurrunt 0361. 2, 622
7, 552. 10, 343 04000111 790021307211779 0001101 1104141. 1, m 11,
mm 1100101100 3, 602. 5, 0001001010010410111101100· 248. adsum 0535011110
124. 370. 414. 477. 3, 447. 111106, 753 ’ 00100102, 538. agnoscere
(1935113136. ,30210 00000111 nom. 1[11111.ρο110111 3, 173. ostenden 6, 716.
.567. 11, 00111 010107,543.1010110 00001110010103,123
, . 10537. faciem Metisci 11101011 Ε. 80111010001100.11117,612.
“ 011111111021. 12,(123.011.0001114011110101 10466604
1, 81. new. stabula 14 me· 00141 (1. 1, 123. 330. 0106.
. , , . 410014100110110 (1. 0393 4, 70. 470. AE. 1, 303. 722
373. 12, 271. 730. vot eon· 10 exitium M, 131. numi· 4, 523. 5, 133. 643. tm
trt 001 md 7, 267. contu 01 sentis 11101010 5, 400 43. 30. 497. 3, 56. 225. 10,
001011 bellurn 7, 533. con· 00010110 1010141. 10303. 543 87. 12, 223. 453
tn 00010 11111 11101, 04 conversi gemitu animi 2, 73. corde 0511200562, 03111
quem 9, ffit). 000111 veti· 10101 10 11, 121. tumtun 14 533. 6, 135. 333. 675. 3,
tum, 10311 000111 41011 1010010172 522. 10, 465. 871. 12, ts.
101100110448 0011101111 habenta 11, 713. 667
1100111010 frigore 01110 opu frontibus 12, 716 00141 tunt 01101101 7, 326. 40·
0. 4, 250 converso 004100 0, 724. mu 0410 0010011110 9, 110.
0001110101100110295 11, 654 1110410110250114110011
00001110 010 11141110 11101 conversus 111 hostem 12‚377 cordi 0111031111
s ' mll'e 12, 891 0001000010010010101010 411 cori ,0,,11 5, 110
0111 ’00111101001110111111 2,191 cortis G. 3, 553
&a 0000011010011110101111111011· Corintho 111110 AE. 0336
0001111111 1111011111 Scorpius G. 111083 corna [11101111 01011234 ’
1, 34 convertere 11110532. oculos 11,, 3, 1149 ’
0001111111 nom. 0110101111 no· 11, 746. 12, 795. animos 001001 portu 6, 834. 11110.
01 4101 1, ,1101111111 1010110309 11100111 3, 22 1111111115,
AE. 1, 239. 7, 293. littora lit· convertite 101001οΜ100427 557
10111101 4, 623. 110411 10 00000110010111001010010112, comibus Tauri 1141111 G. 1,
0001111112, 3310 0011111111 252 217. 111100 1, 433. 111141 2,
vocant animum 0010 12, 0001·0110101.0101.01011000· 626. tovi: 3, 55. 213. oeni
487 70111,608.4,451.101101·1 3, 370. cornibus 11501011
0000001011 0001017, 515 convexa 6, 241750. 10251. cervi Β. 1, 130. comibus
contristat 0011001 1101101111- 0010010 pondere nutantem 111 001 cervus 7, 433. mm
11111οο 110111, 207111011ἱῖῂὲ 111, 1011ἀ1ῗωξ1011 5411 111111 00111301 11011008, 77
275 10 101101101γὶ1ιο 11, 515 cornipedes equi 7, 773
1001011111110101101000111101- 0011101111.5,63. (1. 0301. cornipedum equorum 6, 631
01 10, 147 AE. t,tts.⁴‚⁷7 cornix 11.1,13.3,15.(1.1,
000106010101100111,233 000001 00100 apicem 3, 463 338
0001011110111011010,735 000101100110101 0113011113, 00100 animalium E. 3, 31.
0001110401 populos 1,264 426 3, 25, (1. 2, 395. 3, 57. 513.
0001110411 11011111 0100101 112, convolvit 1110104 1010101010· AE. 6, 332. 3, 623. artu 010
11 51111. 2, 474 01014. 1050131437.
‘W' ⁸¹¹⁵¹³⁰⁸ ‘m' ⁰· ⁴² 2001311100· {233⁶ ’,11113οἔ371
. ' . n
00001110 2, 136. AE. 6, 673 414 ·’ cornu 11140 comeo ⁶qu
0001111111 (1. 3, 276 0011011001411000011,333 88. Luna 01110010 001001,
convallibus M, 139 000001100000011011116, 143. 423 .
0001101110 predas 7, 743 0630 cornua 0010011111 E. 6, 61.
0001001101 01114101 4, 405 coorta tem estus G. 3, 473. 1301101122. 23201104.
0001111010 1 turritanam (1. seditio .l, 143 371. 1140615, 473. 0245
1,457.1111100101111111 AE. copia 110111 11. 1, 82. (1. 3, 7,438. 10, 725. 12, 721. 001-
3, 24. vimen 3, 31. terro 308. 111 01500 4, 31. 4111 001 antennarum 3. 543. Lu·
amputare 6, 143. ferrum 11041 . 1, 520. 11, 243. 110 3, 644. 5, 312. 111510 011-
1111110 12, 774 313. 4111111111 3, 434. 4111 nem, 7, 615. 3, 2. rubra: 001·
0001001οι01 10111111 2, 464 [01000 3, 720. qum cuique 101 011110 12, 39
0000011001011000111 (1.2,294 011000110110010 multitudo 001001 arbor (1. 2, 443. te·
111101 AE. 2, 440 2, 564. omnin copia Teu· 111111 corneum AE. 3, 638. 12,
convenere 1100000101 1, 703. 011111 11, 834 267
0041 0271130417. viri 0001111101150101111011101116. 0010010011.11110.10111111040
0101100οθ 000 ,0010100.1.1,100.111.0 .
conveniat opportunum 111 (1. 00001010111411111111001411· 625. 6, 556. 8, 684. 00111-
1, 3255 10001042300110000110· 10111 001001 41011 3, 551. =
convenimus 1111110 Ε. 5,1 que 0111011101 AE. 7, 345 0111111101 10, 122 11, 475 ζ
00010011000010 0113110134 coquitur vindemia 10 11111 (1. 12, 744

 

