55 mnam

bom-'lom mmmm 444. mmmmm.
144444 gam 4,444. 4, 444 4, 444. 444. 444. 4, 444. 444) 4444444449. 444444.
444. 44.,444 444. 444. aeman. 5, 444. 4444444494444444.

14414 444541. gato 9, 79. adj. 809. 899. 5, 14. 509. 7, 79. 444. 494. 717. 4, 90. 341. .

4,444. 44, 4, 444. 4. 4, 44. 444. 444444. 444444. 444. 444. 444444. 444. 4, 444. 4.
434. 8, 595. fine 3, 718 755. 8, 139. 554. 5110. 8, 79. 45. 79. 147. 375 511. 581.
14414444 44541. 1, 351. 9, 999. 195. 474. 1115114. 541 579. 759. 859. 8891934930.
amilium 4, 109. 11, 194. 139. 994. 358. 511. 972. 9114. 584. 5395111-
1441444 4444544444 G. 9, 53 19, 935. 508. 735 519. 575. 781. 9, 94. 111.

1441444 honos 4414 AE. 5, 753 same G. 9,40. Ε. 4, 991. 5, 904. 10,35. 113. 417. 433. 4

1444441144 G. 4, 437 889. 7, 545 479. 7411. 11, 97. 119. 1511.
Fadum 44444. propr. 4141 48. 9, samam G. 4, 985. 51. l, 987. 701. 19, 111. 395. 107171

444 4, 44. 444. 4, 444. 4, 4. 4, 444
5415115135 4585 731. 10, 458 11, 847 1444454144 4, 585. w. 111.
sagina poenino sago Ε. 8, 37 rame 5.4,959.318.518,918. 898

faginus 4414 G. 3, 179 5, 491 [mle pallffiumglffi, 11144 ¹

fugos E. 9, 8319. 9,9 14444444 G. 1, 159. 483357 19919

ra 20. 4, 444. 4, 44 44.... 4, 444. 4, 44. 444. 4, samem 44444 4,444 '

14 44144 AM, 705 975. 7, 194. m. 8, 184. 9, 1414144 murorum 444144 11,18]
1414411 enses 7, 739 34015794 144411444445,39.4114441444·
14144 Ε. 3, 11. G. 1, 157. 4, famule 1, 708. 4, 891 11414π4419,135

110 famulam 3, 899. 11, 558 1414115444 arvis 4, 355

meon 4. 4, 4ο. a. 1, 444. 4, famum 4, 444 4,444. mm. ...44. 4,444. ’

415. 491. AE. 7, 179 14444411 Ι, 701. 9, 719. 5, 383. equus 5, 515. munus 4444
1414441115οΘ 8,534 144 19, 989. 4444144414
14141544 AE. 4, 513 14444414 3, 899 409. 444411 7, 115
141414 G. 9, 355 1444444144 9, 399 1414541444 Ε. 3, 94
Falernis 441114 G. 9, 95 {mulum 5, 95. 11, 34 14145444 3, 35
raum, ..μοι m. 4, 444 tandi 4, 444. 444. 4, 444 44, 144455415919977411·
1411441 Auno 11. 717 115. 995. 11, 948. 345 . 8, 471
14114414 G. 4, 448 fundo 9, 5. 81. 351. 3, 481. 4, fatentur 11, 844. 18, 59
1411441544 4111444141, 195. Ans· 333 1414449, 184. 3, 503. 19111

tris ὦ 5, 850 144411 14114 5, 45 141441 8, 509. 5, 557
14114414 sylva 9, 399 1444444 3, 359. 5, 889. 531 1414414 19, 794
(onumen 444 4, 44. 4, 444. eos. 4, 444. 44454444
141141 imm Ε. 8, 97 11, 240. 19, 47 1411 1,999. 4, 518. 10, 111
141144 54454 veneni 4, 94. -14414411,949 501 ,
‘affixa ,Β ⁶24 348 14414Ξ711. ,1,73. 101. 919. 3, 1411ῗοῗ499441148β43. W*

5
14114414 longo* ⁸⁸33(ss 9, 579. farragine 3, 905 145514144444414144411441

10, 754 snm Ε. 5, 745 1411144 9, 531
tanen 4. 4, 444. 4, 444. 44. sam0.1‚1s⁶.12.⁴,402 4,444...- ouem 4,444

11,701.1444441444 (1.1, 144 equum, 11414444 G. 1,197. fatigamus turgt 1019119

189. monn AE. 4, 85. 4,358.48.1,77.905.9,157. hasta 9, 510 ,

amantem 4, 995. umen 5, 4119.778.4,118.850.5,800. 1411 111. 8, m. 114111

394. 41441444 5, 513 5, 58. 955. 438. 553. 7, w. 441444 5411444 44444114
14114441 5, 591 8, 897. 509. 9, 909. 11, 181. 58951444 noctemqoew·
14114114 hono. 1,495 19, 98. jeu 1141444444 (5.1, 3³⁰ 8, 94. 411444 9,505
1411145119584 959. 505. omne 4544444411 145441444141444444444519·
141111 4,95. 7, 350. 9, 385. 414 488551445441144444441414 qne 1, 980. 4444441411(ἰ

9, 948. te 4441444114 10, 508. 9,95 44414414444441457991,

1441414415819 14444 E. 9, 55, G. 3, 347. 4, vo· 44444 5958444941
fanornm 444 · m 4,444444444549
sanant 4. 4, 44444. 44, 444. 44.... 4, 444. 44. 4, 444. 4, ιι... edendi ..444 ⁹, ⁶³
44.. 44,. am. 144444... 4, 444 nunnunquam, 44. 414

88. formidine 7, 449. 453. 14441441 oculus ugnos F.. 8, quadrupedem 11, 714

44, 444. me. ,44. gaudi· 444 4444 u. 4, 444. 4, 444. ⁴⁶2¹:

“ ’ 4,444.44.οω.44,444 samum 4. 4, 444 4,44. 44. w. 4, 44. 441

mss genitori. 1, 444. simoen· 444444 4. 4, 44. 4, 44 444. 4, 4. 44. 444. 4441
444 ³. 444 fastidit 4. 4, 44 44, 444. 444. 444. 4. 91
444.ωα,444ω44,44.4ω.- fastigium, 444. 444. 4,444. 444. 444. 44444449·
,4444444444 4, 444. 444. aarum 4. 4, 4444444444948-81
51444444444444144454) mmmm ,4,4444455 4, 44444444444919
falsum ...444 c. 4, 444 4, 444. teau 4, 444. 4, 444. 44, 44. 444. 480. ⁶2⁴· ¹¹.
4.... m. mmor 4. 4, 44. 4144444444 444. 444. 444. 44, 444411·
4, 11. o. 4,444, 44. 444. sums 4,444 444 ‚
4. 4, 444. 444. 4444444, sm 4. 4, 44. o. 4, 444. 444. 4,444 pulum ..44449

 

