511 115555. 5

Albanus 18, 134 5115110157, 770, 0, 078 81515150, 800

515555555515551115518, 30 5115111311. 8, 71. 01. 0, 180. 115515 18 304

5111555555 1551115115 G. 8,837, 10, 84. 047 5115, 5115, 511551, 51155, 51-
111, 7, 588. 15155514, 585, 51155158, 48. 4, 585. 0, 804 18, 5111, 51115, 5115, 1115-

15551550515515555101, 357 51155538, 81. 08 rum. 51155, 511551, 51155, 1

5111151558140. 01, 3808. 5115551111, 70 11111115,15115111511111111
8,45 51158,5,01,,,.,013884 semu 1
510150.,.,,888015555.7,··88.,’,,,’.’.181307418084051155158,1,.,.,,4455585474 1
5078,4..,01057511581. 808ηο510,557.7,,,408475 100,.(13,480111.8,.515
18154 0,,14 11, 70518805 550.,.41405175,.5483.,7
5111511, 8,4,1 (1.,8 71,3,,55 5115 1515115155, 310, nox 71, 8, 885. 11, 00. 18, 174
015881857 (51155551 515515551558350. 5115510517, 811
115111 G. 3, 385. AE. 5,.855 50555555511150,578,18,318 51151, 511551, 51151155, alterum,

7. 417, 0, 551 5111115155 111555 4, 38. 11135 passim, 553 nuno singulari Ἴ

1155158, 358 551555155154,7.15,51155 55555
51551511,ωο 115155 (1.8,38755111155 51151558. 3,.00 0,14. (1.3,
1105551183 551155, 785. 555555555 1155 188. 01, 5, 375. 0,181. 11,
,1111555555 (1.3,147 AE. 0, 831 sellus florem 11, 485
511155 017, 517 71, 15510558. 8,851, 511511 515555551550. 8, 880
5115151155151 1551558, 8, 30 alternanti 01. 4, 887
Almo: 115338 511155 5551551355155 5115551 18, 833
1155511150, 578 5110555010, 480. 10, 508 5115551511. 3, 58. 7, 18. G.
5111115111 ιο, 747 511115 5550 G Ι, 88. nom. ὦ, 1, 71. 70, 0. 5, 584
1151355351 E 7, 51. AE 8 8,430,18,858 51151555Ε.,1710,.ὣ3,483.
810, 10, 381 5111518 8, 404 15534 ,
1151355111 10, 451 5111555018, 87 511155 G. 8, 800. 111, 8, 158
01513550,414,0, 183308 5115111103ὓο 011501η1810, 108 10,080,11,007.18,008
11513550, 801. 8, 803 840. 5115515518, 181. 500 5111551558,834

555353 0051111555,’,,,.8.04741080851111580,’.,,038037 (1.448
1151555355 E 3, 44 51155550, 578. 18, 810 5534811018. 7551115513
Αιοῐω535115153,37 11115515 nom 7, 341, 401410. 5115155513, 878
11115518 8, 87 440. 475. uec. 384 51155, G 4, 358, AE 0, 30 10,
1151511558.7,14 511158 8,11 ἐξ, 870, 11, 785. ’118140

1115511150, 11 Ama Ε, 7,717
5151551555 G 3, 338 5111551 G. 4, 400, AE. 1,100. ·51555115(1.4,84
11155155 5555 3115515711511-5,439 51155 G. 8, 403. 01. 0, 418. 7,
d 1, 399 5115555554, 880.,8 183 38, 308. 8, 38
51511118. 4, 058. AE. 8, 318 51155 51151 1, 888. 004, 4, 8. 51155511 1, 803
5155115153, 50 888. 5, 780.,.5341 8, 078. 515515οῶ, 5, 877. 11, 33
515· 1, 304. 0, 000, 801, 11, 10, 888000.11,881.18,708 nlumnumAE. 0, 000
781. 18, 847 855 5115 uorE. w. AE 0,455 515501, 8, 401,0,5.150,158.
0155111551, 181. 8, 840, 307 anu 51551117 18, 873
,4155111851855 51151108 158. AE. 8, 140 alvum (1.3, 487, 4, 04. 18.
01551511.5,73 51155111,7..1011,300.018,,8 8 01
1151158Νο5755 501, 554,,8311,5,74. 117. 51515οψ880ᾰὲ 10811
5155555οὢ7ωο005013 7,044.7741,1,.840010810 55150103 ’
7,48 QUAM& 11, 007 5155051858, 08
5115, 5115, 511551, 51155, 5111, 51555111, 188 55155110, 75. 7, 03
51555115 51155 51153 511551, anniso. 8, 833 55155504, 101
51155 ,55551155 5535555115 pm Almo AE0’7‚ 038 51555111, 3011. 8,.108 G. 3, 305
Gan* 551155 Almonem 7 075 5515515511 G. 4, 488, AE. 1, 358
5111118148Ἣο105 51155518.8,..,17ὣο04 4,.,805370470
511555, 551. 8, 70 55551. 4, 5115550, 8, 380 5511515511. 8,811 G. 3818
’ 8144184311 107885051518110 315.,,418401,,4881.580
5115515118, 140 515558. 0, 08. G 1,130 55155114, 480, 0, 080
alienoAE. 10, 781 5155511853. 10,74..,(18401 5555558. 10, 0, G. 8, 80, 838
51155558, 3, 0 1151515518. 0, 508 5551555501,οω “
, 51155515515151501. 18, 840 11555 G 1,470, 3, 474 18. 55155511, 5, 58
ungarum 1511515151, 058 10, 18 55155551, 70
1511115511, 555 11111155 155 1511111111. 55 155. m
5115551551 equorum 12, 484 1111 hem AE.'10, 170 134.5555555555.10,000
aliqua 5111550, E 3 111 1151155555 (1.3, 10. AE 3, 004 551511 5550. E. 5, 80
51155510, 50 ΑΙρ1155155111.8,1. 0 5151151557, 41
51155551 3, 73 5, 00, AE. 1, 1111,11551115555’13.8, 08 55155150 1,180 8,31.4 0]
555 5, 515 51111515. 5, 151 10. 55111551. 15155
5115555158, m 508 11515558. 10, 47 5555158, 0, 08, B 4,803
5115555 0, 710 51515101544815055

 

