01· WORDS. 169

rog} 11111111 16626 10101111 mm. saem. Luna 3, 1011111 0111111281
mets G. 4, 477 AE. 6, 368 337. 1111 1101111 pennis AE 10610 100011 (1.3,3691111011
1011111101111111111111110 4, 766. 1111. plur. mella AE. 8, 686
1150 Ε. 4, 36. 11111Ιο 137. rivis 1011013389
1011111101111011111010 10, 111111011111111.7,683 rudem 110611 hastam AE. 9,
1139 . 101117111116110111001,462. 743
1010 numen 1111111110 8, neut- plur. 1011111101 7, 1061111001011113,661.10-
111114 712 11011 Cacum 8, 248
roms 4, 646. 11, 189 roseas 11111 12, 666 rudentes graviter G. 3, 374
rovum 4, 616 101111 40101111016113116,636. rudentes 111111 AE 3, 267111-
rmus 4. 676 Aurum bigis 7, 26 eutero 3, 682. aptant 6, 7631
Roma 6. 2, 634. AE. 6, 661, 6, 10110 011 2, 693. 9, 6 immitto 11111 16, 229
7112. 7, 663. 769 1011111 11. 6, 17 rudentum stridor 1, 87
1101111 1,7 12, 168 101101 71101601 AE. 11, 913 1061111611101101117,16
Romam Β. l, 21127. G. l, 10111117,186.16,361 111111011161111 11, 167
41111, AE. 8, 616 10111111110100118,684 10611 campus G. 2, 211
Romana nom. soem. 111101 10111116 2, 668. 4, 74. AE. 5, 1016111101111101111111ΕΛ,
4, 276. propago 6, 876. 12, 143. 232. 8, 696. 9, 119 16, 3611 01101118,1148.11111111
827. [10111111 8, 99. 111111. 296 9,182.110101111101100116,
plur¹ [1111111 G. 64991111 101110 6, 187. 6, 697. 16, 167. 766* confusa 0111110111 11,
11’7ἀ” ²' m 'mm' θ’ 1011767516, 01, 11. 5, 111. 11, 1121111111.. 11 bena 1, 111.
Romana 1111. 11111 8, 313. 379 maturi jam 1011 11101011
111111112,166.1101. 1116. 10111 (1.3,176 (1111116266
2, 198 rotam 3, 39. 184. AE. 6,- 748 ruens 16101 G. 4, 292
1101111111 gentem AE. 1,33. 16111110111116,36.1 1111101111011 AE. 16, 338.
rem 6, 957 10111011 2, 236. 61116 illum 111386. dominam 11,
1101111111111116111 G. l,490. 111· 101111 8,433. 9, 318. 11,195. 8116. 1111111111 12,366
coa 1342114 12,675 ruentes Danaos 111 11111 2,
Romane 1 Cluenti 5, 12310 1011111110] 9, 441. 16, 577 446. recipit 9, 727. 1111010,
Fran· 111111ιί111 6, 961 10111 G 2,·144. 3, 113. 1116, AE. 573. Teucros 12, 666
11011111111116,1116 1, 147. 16, 694. 12, 77. 10101111012,636
Romanis 1111110162, 172. AE. 671 10111601 11 arma 11, 886
16, 12 ruamus in 1161111011 2, ³53 1011011111111011111 11111 G.
· 110111101011110 13311010 10111 11 regna armis 11,461 1,266.01111100111Ε.8,6261
s, 3111 10616 virga G. Ι, 266 0110111018,669.111 portus
16010001111110101018,626 rubeant 11011101011601 10011 11, 142
1101111101 1, 2314. 277. 282. ι1,366 11111 0111111111 12, 464
6. 719. triumphos G. 2, rubebit Aurora 111011111110· Rufras nom. propr. 0111111117
111 1110111. 1411 110 ’
11011111111011011111610111 1011111 nom. sam. 1111 E. 4, rugio 11110611001111110110111
11, 148 29. 1010110 1011101116. 1, 7, 417
7101110013, 346. pater 1116, 234. 111111. 101111 hyncin· 1011113414. 11811116 1,
1111 11101 Ε. 3, 63. vesper G. 1, 129. rerum 11, 316. urbis
11011011 1111016876 261 12, 616
1101111111. 1. 498 rubent 1111110 11111112, 436 1011111 2, 316. 466. 631. 8,
Romulum 101110 7118, 664 rubentem 1111110 11101100· 192. 9, 712. 11, 618
Romulidis 8, 633 cum G. 4, 1112 ruinas G. 4, 246. AE. 1, 238
Romulus 1, 276. 6, 778. 8, 10111011101011014,47.0111101 ruinis 1, 647. 3, 476. 671
3⁴⁶2 ὦ. 9, 276 11111, qus> 1011 2, 691. 6, 741,
rorabunt sunguine vepres 8, 10111111 10111 murice E. 4, 16, 811
616 43 - 1011 cumulos arenae G. Ι, 166,
101101111111101111111111111,8 1111111611111011 7113621. imbriferum 1111,313.110·
10111111 111113667 mare 7, 26 11001 ather 1, 324. amm
101111.6,77 AE. 1123611- 1116110111 10111 G. 2, 34 0110011010 10611113162,
11100 madentem 11111001 6, rubescunt 1111 01160 AE. 8, 368. &quoru turbo 3, 476.
864 v 696 cum 01110011 4, 469. juven.
101110 (1.4,12,431.111111111111 rubet vento 91101111 G. 1, 432 1011101111111001111101110 ’
2, 213 rubicunda Ceres 1, 297 122641 00110111710112,
101111010161111101111111,386. rubigine 1, 496. 2, 226 296. 01111 antiqua 2, 363.
sanguineos AE. 12, 339 rubigo 1, 161 101 ³,5ou ad portus 3, 676.
101 Ε. 8, 16. G. 2, 262. 3, 101101131266 qu& 1011 4, 429. permedio,
3211 ruborem G. 1,136 4, 674. 1116111111116,6611,
1014711. 1269 rubores 3, 367 1110161111 101011111111.
rosan] G· ⁴, ¹3⁴ 106013, 316 1017,673.11111111111101 Ni.
1011111 4, 119 10611161111111 AE. 9, 56. 11 1019, 438. 1111119, 474. ια
101114, 268 1111111 12, 247 portam 9, 696. 11 1101111 16

 

