01 11011113. 147

, ’8, 681. 9, 181. 917. 976. 11161. plur. 16161116 6, 798. 7, 799. 19, 334. 445
641650. 10, 936. 606. 896. 6111111169,963. 1161661119, pulsum 11161116 G. 3, 30.
11, 49, 19, 436 970 regnis ,3,111. 6111118,

66111 E. l, 46. 3, 93. 98. 111. pulcherrime o 66111111 10,611. 333. 1616111661 11, 66. mo
6,14. 94. G. 4, 476. 61. 1, pulcherrimus AEness 4, 141. 6611661611666111,899
614. 9, 938. 766. 6, 906. Turnus 7, 66. Tybris 8, 76. 661161 quel tibi 16161 nostri?
349. 663. 661. 609, 6, 307. 61161 10, 180 G. 4, 396. 811661 11 66
839. 7, 169. 379. 484. 9, 6616611 nom. som. Dido 4, 1111111.1,386.6616166161
606. 11, 916. 476. 19, 199. Ρ1611161616,149. 661. 6,389.ο61111611161611610,
913 testudine G. 9, 463. 61611 869161 11, 366. ego 11,

661611 agmen 6, 648 111. 1, 76. origine 1, 986. 999. 66 1611611111 1156611,

puerilis 1616 11, 578 1161111111 6, 891 639

puero E. 3,14. 70. 48111. 6616111116 16611616 6. 4, 918 66111116.1,1111.180.3,171.
1, 714. 3, 341. 6, 669. 10, 6616111161 666 niter uon 1611 4, 96. AE. 9,973. 609. 7, 163.
16 11. 16161111 1, ee 16111. 11111161.

661161 8, 639 66161116 pectore 3, 496. 111116 19, 90. 407. 444. 611

puerum ,11661111 E. 8, 46 4, 439. 6616616 6, 344. ju· pulvereum nubem 8, 693

poenum 9, 69. AE. 9, 457. veneo 6, 399. 6661166 7, 61111111 G. 4, 87
7, 676 430. Hercule 7, 666 pulverulento nom. snm. 61111

pugne 11611161. 9, 667. 10, 359. pulchros inpetus 9, 368. 11161 1, 66. noui. plur. agmine
11,689. 636 833. 19, 196. 9,433 ¹ lugl glomerent 11111 111.
916. 606. 661. 9, 913. 363. pulchrum 16611 1661661116 11· 4156. luge 6111111161 661
789. 10, 889. 11, 709. 19, 61119317 1616119463
34 966 pullis 11161111 G. 3, 389 pulverulentus 1661116111 pers

pugnabis 1616111 4. 38 . 66116111 16 116166 11111 tlen- 1166111 11111 7, 696

pn 16 gen. 4, 803. 6, 366. sissima 11111 arboribus 9, 661111 G. 9, 418. 111. 1,478.

,7, 40. 649. 611. 788. 17. 116111 66166111 AE. 7, 11,877

8, to. 9, 63. 661. 790. 10, 399 pumice G. 4, 374. AE. 6, 914.

11. 611. 111. 1111116. 6161. (1.1, 11 11511

19,64 4311. 6611. 698. 030. pulmone AE. 9, 701. 10, 387 6661616616.4,44 .

611. 6, 383. 463. 478. 10, pulsu 111111.Ι som. metu glorie 66161111111611 11611118. 4,

60. 969. 441588. 616. 690. 6111116396 61161 7, 709. 49111111. 6161116611,Μὸ

11, 698. 649. 701. 896. 19, 16 tergum siquando 11661111 66616111 penne 19, 760

941 11, 663. 6116 vnlnere 61661 puniceis rosetis E. 6, 17. taeniis
pugnum (1. 3, 96. 934. 4, 61111111,793.611661661111 111. 6,969. 161111611611 An·

67. AE. 9, 418. 6, 69. 411. 19, 390. mut. plur. 11616 1611 19, 77

499. 9, 158. 186 3 19, 106. 8, 699 puniceo cothurno E. 7, 39

161 pulsabat medinm Olympum pu 611111.1,69 399. 3,136.
pugnando o,660. 7, 189 curru l’hoebe 10, 916 7. 6, 635. 697. 794. 6, 5.
pugnent mucrone r‚oo5 66111616111111161616119,706 901. 8, 497. 9, 118. 10,
61661111.3,46.13.1,466 pulsabit gulone 1111111 G. 1, 908

6, 419. 6,167. 7, 614. 9, 777. 496 puppi 3, 130. 619. 697. 4, 664.

11, 978. 837. 919. 19, 799. 6611111111111616111311Λ90. , 19. 176. 777. 841. 6, 339.
818 plur. 111111 referunt 1611161 8, 116. 680 10, 961
pugnate 6111,600 16116111 86114 pupibus G. 1, 804. 3, 369.
pugnate 11118699 pulsnm 61161661 G. 4, 61 . 1,183. 9,976. 4, 418.
pugnatori juvenen 11,680 61166116161611613,106.1Ε. 6, 139. 8, 693. 10, 80
pugnetur comminuerunt, 6,138 puppim 1, 116. 6, 410. 10,
563 66111111 flumine ll, 660 996. 947. 997
pugnent ipsi nepotes 4, 699 pulsante nervo (1.4, 313 puppis 9, 966. 5, 198. 858. 10,
pugnis 4, 673. 11, 86. 19, 6611116161161116111613619. 160. 171. 309
871 16116616. 460. eedem 61 i· pum 116111. sum. 16116 G. 1,
pulcher 111111. Ganges (i. 2, 1116, 047. singultibus 1111 433.161.1661166118.9,44.
137. sormi 1616 ornnes 9,416 1111661 2119690. 611646,
111161 AE. 5, 670. 7, 107. 66111161111 3666 999. 6111167110. 61116911,
477. 9, 993. 310. Arentinus 6611111 161161 61116611 11161- 711161611119, 169

7, 667. Equiculus 611611 9, 11616, 160 66111116611611 in 616611 1,

084. 161.6.4661163,119 661111616116119,986 687
pulcherrimo 116111. snm. 11111- pulsetur veuto et imbri 4, purior electro 1161111 G. 3,
dum AEgle Ε. 6, 91. 11111- 949 699

1161363. rerum 116166 0. 66111161 parens 6, 609 purissime 6111114, 163

9, 634. 161616 Dolopeia 6111116111. ’16161 10, 143. plur. 66166119496. 4, 975. 616,
61791111614111, 1666116917 961. 7, 951

60. genitrix ⁴,22'l 616111 661161 volutabris 66161 G. 3, 6616116116110 3,96

6, 643. bello llippolytl 4111161111161161116111, 6111661616 111119, 96

616161 7, 761. 611 11, 869. 731 purpureum 1111161 91116.

186111 genitrix 19, 664. 61116 6, 691. 19, 633. pedum 1616111119,349

 

1

