73 mm

1114 13 11111 31313113. 1, 3,1130.[1111131311133,2ὥ. mm 111331 G. 3431131111·

140 31111311 numero 7, 398. n· 3111 AE. 7,207
jactetur polugo 13311. in 311· 1111113131 8, 281 11131 313111, 112

11111348 1311 G. 1, 833. 480. 37. 1,393. 111311 3131111111 (1.2,84
11311113113113.1,11 1,111.1,141.1,131.1,11111. 1113 noanon AE. 9, 113
jacto 11311113 1, 104. 2, 817 9, 307. 340. 12, 378. e 333- {deos campos 7, 222
13331111ῃί331 Pyrrhe 8. 3, 31113 ad tumulum 3, 73. 1333133131.31”η’3,483

41 3113133803333111111131· maun 3111111313131311317,
jactu G. 2, 124. pulveris 4, 87. 3, 132. oui comes 3331131 1891111133331313, 112

ne (131111 13 equor 4, 328 8, 433. inter 3133113113 m· 11113111 nom. 31110, 300. adju.
janum 33111111111111111 ὦ. 111 8, 371. 8118313111 1131 1331113103

2, 643 mollior 113311 ,7211Ι 3131- 1111Ιί111,398.1’33311 3731.
jacuisse 3111113113.1,113 311111 31331133311110,23. 111111.1131311110,32
jacuit per antrum AE. 3, 381. 1113111 13 113111 0, 239. in 1111Ιὶ11111 oppidum 11 nam in·

revolutus 31331 3, 883. 113· 1311111313 0, 424. 3311131 da· mla Cypn' 1, 3111. 19, w
,7111111111ηὲι 111113117111331 1, 1111111 1413111111111111111 0382 111111 3111351710, 331

42 Ibem 331131 Humum 7, 11311133.1,211. 8,·143. AE
3131111111 puppibus ignes 2, 838 3380

213 13113 ,1111301313 031131 idem 8. 8, 41. 01. 191. 3, 9. G.
3111131133 11, 113 1, 11. 1, 133. 1, 11. 111 1,
1111113111.11,16.5,11.13,1011 1311131 G. 3, 408 189. AE ³, 30. 89. 303. 4,

713. 838 ibi 11. 2, 4. G. 1, 78. 4,4οΙ. E. 381. 670. 5. 371. 3, 113. 222.
1Ῑ1111113 3, 88. 238. 0, 178. 398. 2, 40. m. 3, 333. 700. 7, 7, 321. 398. 8, 200. 0, 827.

704. 10, 248. 842. 73411, 123. 0, 412. 443 413. 10 112. 782. 831. 11,

131.111.1111.ι1,311 1113133311 111113 111, ,111
jaculum 0, 32. 10, 823383 ibimus 31131133131311 E. 1, 14313 3111333113 3, 138. 341.
11113 panim, 111 33113 singu· 33 364. 111110

1311113111. 1311 1111111131 Peliden ὦ. 2, 347 133332, 938, 212. M& 1
jam 11111111 1113 jum mgnu- 131133131113313131331131111· Idmon 12, 73

3111111,272 3311111111 G. 1438111113 Idomene· ducem 8, 122
31131111313311111, 1111 1111113 1111- 13111311111331 3ο 12. 2, 378. Idomenei 11, 233
,11131332 1, 111. 1111 1111831311311111313133813

12, 373 131111 1111Ιὶ313 8, 234 'ocur 1133311113 3, 303
jam 11113113 2, 380. 8, 708. 12, 133 E. 10, 30. 1311113111 1111111· 113111111 mm. [313. glun 0. 2,

7 .940 3310131331. 2, 78373 en· .212.1131.1311138,498
iampridem E. 2, 43. 3, 33. G. 1111 omnes 0, 291. anim· ⁸ juminss. 128

l,wl.AE. 1, 722. 2,347. 3, 3311111111,488 11111 31111113 11131111, Ε.0,373
Ι 71·ι71,7,ι3οἷ18 mats 1111111 per 1131131112, ierittfflpems 1131331311αῶ
131 m 7
1131111111 3. 1, 111. m. 1, 11111 131111 1111111. 1, 11. 111. 11311,

330. 2, 108. 4, 1332. 3,27. 1311131111. 3111. securibus 7131 109

318. 8, 1339, 183. 11, 880. 3,180. 11311111,133 ignum 33111. sm. 1133 figam

12, 217 1111131110. mm. 1131111. mali 1, 330. haud figam
131117, 180 , 430. 0, 011. 12, 103 futuri 4, 308. haud ignm
1111311338,330 11111 2, 334. 3274. 428. 7. 133. operum 3113311111 amb,
1131131· 3, 400. 8, 293 0, 770. 10, 484. 11, 388. 12, 234. 311111 ignaru nocendi 3,
113111 2, 408. 331. 3, 448. 3, 490. 782. 740 018. me predam 33111331

103127 131331 nmen 3444. 7, 733. 3831.1311111311)1311113111

Ianum 12, 198 12, 007 3111111138, 187. 3133133111
113111 7, 319. 8, 337 131331 3111111131 fadus 12, 814 31311110,247

inpetum (1.1,279 ictus sing. 12, 023. 1111. 8, 133313111331 1333131363
1111113118,473 419. acc. 3 437. 12, 718. ignaram pericli 9,287

11311 AE. 12, 891. 420. m 117 E. 8, 839, 17 G. 2, 238. AE. ignare 1111131 1111311313 pom
11,),111111311311 1111111. 113131 3, 3, 311

Iapygis 1111113111 12, 247 418. 3, 323. 7, 78. 338. 0, 1131113133111133113113131111,

11131111 4, 793 104 214.11,433.12,28. 198113111131111111113133313111· 1
11111111, 83823 648. 783 31131,332,1138,339 1

11111113 3843 11133,232.234,440.9,80.177. 1131131113 G. 1,.41.1331 AE. 1
11111131 12392 1013812412.Μό 2, 3841111 111131 9, 343.
11111111 3111318, 138 {dn G. 4, 41. AE. 2, 801.8,3 13111319, 3311311111 111311

lupide 4, 231 1331311131.,1331.11111111311111 1111 1313111111 impensos 11,
ibant 0, 830. 70, 218. umbro 1133111 10,232.1311·311,283. 19

G. 4, 470. 1111 templum AE. 1131. 11111 2,800 ignarum 113 3113331131 10,
lim. 3131111 1331313 ,1, 13311 3111111 3330311113 10, 228. 3131331 lubet 311
3831111111131311311 1113111 231 1113111111 imaginum 10,

 

