8 mnnx

00111κο1110, m 0,000.10,100.10,700 0011010111 10 444
0011110..,..,0,00047(14010.ω11’0010111’0,.010.11,440 00010,004’0,400
40080400ψο0000, 047 0001000010187

004 001101111ωο,00010074 0011110,000.,.440084 ,0,
00ηὲ.οψ000000,000 0οΞ10100,00...,0,1(0140010 100.7’,000.0’,000.0,100
0011100400.,.407100. 041 0111110001,Μο 00103,ωο ¹

00111110 0 18 001111 AE. 0, 007 Cethegum 10, 010
(1011111111, 000 0001111101Μο0040000 001117, 700
(30100110440001.0,417 000.0,000.0,770.,7140. 001111.’1,,,800,040.400.

001011..1’,01.,,0011110.110.1100.,0110.1111.11, 10100100110101. κ

10, 08 000, 400. 10, 704 010. 0, 00007. 740, 0, 400.
0010111011.1,010.111.7,111 0011011110, 7 7,370. 074. m, mm
1101011111, 177 0011010111 1’1, 010 10, 01007. 71, 11, 881
00101110 G. 8, 017 ’0011010110,’000 (1101010100 0, 17
00101110 AE. 8, 410400 0, 410. 0011010106, 0, 00 (1111110101ωο, 10,00

70110410. 11,000’. 18, 0011113.0,10’0,8,167.0,7. 0110110006,1,60

007 10,.070’ὶ.,10114,000.’10,01111111001,0,440
4301010111 G 1, 040. 047. AE. 1, 881 0111111010’401.10,174

177. 701. 7, ’110 0011011111.0,00.(1.0, 100 Chaoy G. 4. 0’47
0010110 0, 7’0, G. 1, 000. 040. 00110011 0,07,0,0161111011οΕ10,80

0,000. 11140111, 404 001101 4,011. 0, 88, 10 Chaoniam G. 1, 0. 888, 81
00101111,114.141.0,101 00111 AE. 8, 00 (3111001001). 0, 10
Com G. 1, 7. 00. 147. 007 0011101 10, 010 6110011116. 0,07
0011111110 4,00 01111111. 1’, 00, 001. 001. 08. (1010111001.0,000
001111111 AE. 0, 007, 0, 001 0, 000 Chaonio· 8, 004
0011110 4, 401 0011101111ιὶ,400.3.0,000 (31111004,010.0,000
001101 10, 400 001110οἰ111υο G 1, 400 charon 8, 000
0011111110,040 001104, 100. 101 1, 00. 0, 010. (ς1,,,,1),11ω 0 004 1
0011111101( 7, 101 0101104οο Charybdis 0, 400. 000 7, ³oe
0011111111 0, 400. 0, 704 0011οο G. 4, 100. AE. 1, 070 chel„ G 1, 33
0011101114,400 0011111110.10,00.101. 0,170. ,1,1,1,1,1,’114
00011070 l, 41³. 2, 638. 6, 636. 686 9,163 ,1019111003Αῶ

0, 010. 070. 10, 700 0011111 4, 004. 0, 0. 0, 00 cmm„ ,Ε 8, 888 ,
0011100 G. 1,400.0,000, AE. 01110 01400 chimmm 8,118.m 7,

1, 000. 000. 4, 470 0111111111 0, 000 700
0011111110 0, 040 00111 0101110110,οὥ-0111011113,οω
001111111υο7,οΒ 00000011] 4, 104 ,11,ω,,1,, AE 3, 1133
0011111110.Ἶῶ46010,0011100(1.,.’.4600000064, ὡιωᾙᾱοιῃ34ε4η41370,

410,,.0000074,000.,.000 888...840881AE..1,4088, 9500111111715

310010μο0001 004.,.,.,000010000107. (31101111,οω
000611 4, 246. 6, 333. 446 3, 364. 839 0111οη11111,768

722 11, 703 0011100013001 choma 6, 0114
6071111073, 440. 3, 662 664 0077101 (1.3, 167. Β 2,707 ΰὴρη119,615, 10,224
0111100, 86. 704, 0, 07. 0, 07 0011101000οἱ 010, 11, 400 „hm-19, 118
0010111110, 440. 0,070. 10, 1110 0011101111. 0, 100 chorinfflmo, 571
0011111110 111010 00111οΕ, 0, 60, G. 1, 007 (3101110100,ῦῂ 18, 888
0011110030. 0, 003. 4, 100. 0011110. 0’, 00. 70004101, ,111111 1131

004. 0, 040. 0070. 7, 040. 477. 0, 404. 10, 107 01111100, ’007

011.’0 0 40 0, 100.’ 040. 0011000000311, 1040, (ς1,,,,,1,’,,,,,,,,,,,,1,13,311.

111041) 10, 118. ’000 000 000. 407. 404
1011031111ῑο, 000 cervum G. 0, 410. 18. 7, 401. thom, G 4, 1133 AE 1,(113 4,
0011100,00’10,700.10’,700 140. 7, 001. 11, 707’
00110111’11.4,004.10.11,707 0011101400 ,1101111011οῦ0 104014,
0011111011 011001.11,00011110’0.1,00.0.4,01011111111000103001

104. 10, 110 0111006 710 10, 010
0011011111ιῖ0. 0, 000. 4, 00. AE. 00011111, ’401 0110011111010

4,.,.00000’]14.01’10.0(10. 000011111Ἐ.1,00.01.1,070 (701011100010

011100011114011,,0001111110 (1111111110, 0, 010

881. 404. 18, 88. 70. 407 0000111101113, 400 01000113. 0, 77 G. 8³88
0011οω11106. 3, 103, AE. 3, 0000117οΕ. 7, 10. G. 1, 71 01011111οΕ.0, 13

100. 0, 144. 107, 86. 000. 000100 AE. 0,’ 01 01001111 G. 0, 070

400. 040. 7, 000. 0, 000. 0001110400 (3100111114,οΜ

700. 0, 700 11, 100, 700. 0000011101 11,888 01011110. 0, 00

001.10’,01,000.’000 0000011111.1,“400 01011110, 00
0011110011 10, 0110 0000110014110. 10,717 010 G. 4, ’64 AE. 18, 100
00111111 0, 04.’ 4,440. 0, 170. 00000111 10, 100 0101111 0,044 0, 074 0,(00

 

