'm

1101100110111.,10111.11”1111. 0000·
1110 G. 9, 16. 1011101 victima
9, 146. tun 0010 ipse 111114,
3541101110013110011 111. 1,
654. 0100 0010 1, 678.
1011010100 0 3, 959, 1000
4, 371. 6114. 10, 636. 110-
010 5, 606. 0010 5, 614. Fu·
riarum 6, 606. 1011106, 611.

, nemorum 11100 7,33. 10·

nrm 110010 7, 609. pars 7,
686. 1691401101 semper

¹ 11100101 nobis 010 3, 971.

6111 rerum verborumque
11600 9, 979. 101 0110011 riri
11, 14ἷ 000. 0 101010 pars
1011111110 11011101 G. 9, 40.

irim

5131111009, 738. 001. 111111·
borum 10 00010 G. 1, 328.
111111 AE. 1, 314. 10011101,
441. 1011011100 tempii 1,
666. 10 010110 9, 53310
uniri 3, 969. 110113 4,1190.
6, 493. 11010 5,·183. 10 11110
6, 988. 60 gerne 5, 735.
00010 super 9, 61. 00010 16,
14711001 1111. 1010110111
Ε.16,45. “. 1110111001.
100 9, 353. 10101 cornua
4, 61. 6, 479. 6, 945. per
1010010 4, 74. 10101 01110100
111νο10 4, 904. 1010110110
4, 663. 001010 100001 011110
11,131. 111101 0111110 9, 549.

11014, 310. 10000111 4, 339.
10 0011101633. 10 110611·
0000660

467. 10 01061101οῗ1οα3, ’

69600001011111011 6, 4117.
6110111101 10, 638. 10 006111
101101 11,1137. 10 00101011
11,1133. 010111 11,1116. 01·
ὃ111119,4111.100001650119,

100610, 10 100610 E. 3, 40. 46.

G. 9, 693 3, 16. AE. 3, 354.
6, 939. 7,997. 3, 675. 9, 343.
39619, 11110110 G. 1,167.
equore Ι,361. AE. 6, 349.
10665 orbe G. 1,44960
0011100 9, 74. [10110 3, 937.

11001. plur. 11100 Ε. 10, 79.
1100000 grana G. 1, 139. 0110010,791.19,633.10101
1111311111013111 1111111111. '1²2’ 111· 11
1110111 71917160151110 817161 0110111 19, 346. 1111011010
Nerei 111ος00 10, 764. duo 19, 469
'seueram corpora 11, 6911 Media G. 9, ,196
1111111010 601001 (1.9 170. Teu· 10011110 urbis 61. 9, 359. [101
01010060010116.8,476.111 Elidis urbem 6, 633. urbi
1610111 100101· 8, 679. Pulla 9, 946. 1100110 11, 555. My·
11,117 , 00110 7, 379
maximus orbis G. 1, 96. 10· mediam G. 1, 937. 1000111 AE.
guis 0011110111 1, 499. 1, 693. 10 1001111101 101011
11100001 AE. 1, 591. Atini 5, 699. coeii 01010016336.
1, 741. 4, 481. 3, 136. un· quietem 7, 414. 1100101119,
010 Iphitus 9, 339. pater 750. 19, 307
3, 107. 1100101 6, 371. 0061010010006.1,930.1101
1110000 5, 530. heros 6, 169. 001014, 69. 111. 7, 996. 10101
0010 conjicit 6, 618, per
011100 7, 334. 111101· ipsu 7,
397. 11011101 1101111001 16,
41. turmas 16, 939. 10101
0011101 11, 643. 111 00100 19,

111, 761. tempora 9, 633. ag· ΛΕ, 3, 164. campo G. 3, 466.
1011011010 sacrificio 3, 436.
10 opere 3, 519. gu ’10 4,
694. AE. 6, lfa). 1010
meo 10 600111 6664111
conspectu 9, 67. 19, 913.
mari 3, 73. fluctu 3, 970.
venii 11001110 3, 417. 10 11·
110 3, 694. 01011 4, 184 001-
10000 4, ‘m 9657111110
4,694. 10 01100 6110.οι i
110110 6, 111. 100100 11017,
59. 10 0101110 110110 7, 663.
in 01101100 010610 7, 677.
0011101110 000111 8, 407 ug- .
111100 3, 638. 9,93. 79311,
76910 0011001100 8, 760.
00101119,936. 10 1110110 10,
919. 1111110110 11, 995. iuga ³
11,547, 10 01001010 11,1133. i
10 1010 19, 739 ¹

0106100 01101 G. 4, 401. per
0106101 AE. 1,440. 504. 4,
674 10,91.1001061019,193.
9, 433. 10, 676. 670. 11, 149.
741. 111 1100101 9, 377. 3, 461.
564. per hostes 3, 933. 19, ¹
477. 65610 Achivos 5, 497.

10 1110 00 6, 345. 00101001
7, 639. 01101 8, 901. 1011101
6. 939. vir-rim 10. 319. 1010
11, 937. 110101 19, 96
010, 10, 00116000010101101-
1100 1111111111 ,1001100100110 914
:inguim 1111111. 61011100 roc. 1101110 G. 1, 916
0101006144 0600010111 1001, medici 011. manu 11]. 19, 469
10 011 0001011110 10110019, medicans occulti 19, 418
497. 111100 19, 960 med-icantur senibus G. 9, 136
meu, meae, 010010, 01001001, 100610010101111001,1113 cursus torquet 001 6, 733.
01001,0101,01011,0100,0100· 10011100110001111111101010 1117, 10 0001011101 6, 75³. per
1001, 10000, passim. 756 ignes 7, 996. 10101 ipse 10,
meatus 111. 6, 6411 medieas 100001 G. 3, 455 139. ignes 19,9111. inuadit
0100111011.1,36.9,19.93.31. 100111006000611111146511031· 19,497
3, 31. 4, 53. 8, 91. 95. 31. 1101111643) meditabor arundine 01010111
36. 49. 46. 61. 57. 9, 37. medicina 11100 1101111 1010111 Ε.6,3
10, 40. (1.1, 41. 9. 8. 3, 10. F.. 10, 60 00611006001011110060101111·
AE 1, 931. 3711679. 676. 9, 111011101010111111ὢ.7,779 ’ 1016. 1,133
93. 435. 3, 149. 4,115. 5, 1001111 00100 G 3, 493. 00111 0106110010 3111011011. m
635. 6, 106. 119. 351. 7, 1110149. Nerei 10,764. meditantem proeiininunmAE.
463. 9, 61. 147. 936. 593. 001000 19, 696 16455 =
10, 861. 11, 117. 467. 510. mediis frigoribus E. 10, 65. meditantur 6010111 1061001011
’1117 1110101106.9,933.10110· AE. 6, 61
01060061 00001 19, 396 1111110 3, 164. 1001111003, 331. 0106110111 10111110 111001 Ε,
medendo [egrescit 19, 46 1060011600111.1,169. Α· 1,9
0111110 Ι, 949. 10 0111110011, meditata-iuno 11010 10001110
89 491. Ι9,195.100611,638. 10100000. 153
Medi G. 9, 134 10 0110011100 9, 399101061- meditatur Dido 1111010111 AE.
100610 110111. foem. 011 nobis 4,171
via E. 9, 69. 1011001001 G. 9, 9, 665. 011 ignibus 3, 149, 100611010111011, 610. 1, 674 ,

mederi 000 01101101 0010 E. 8,

1100 9, 619. 10 penetralibus

= 997. 100010 1011101116, 10 vallibus 4,16600011001- 01061001οω11.8,63. 1617, 1

 

