61 1161161. , 11

1616111616166661111161661 01116 pectora 81501116 11, 389
sumere 3, 6, 36. 16 16116116 66 161111 161618, 509 1611116111 9,143
omnes G. 4,411. scelerum 16111061611111 G. 9,.83 66116 1611113314. 470. 506. 667.
131131ῒο1139 ,111 111919 ⁹ ³⁶¹* 1113116 616936
1611616613, 4, 409 161161166116111 G 9 533 1611610. 9, 964
1611616616166611611661166975 1111111 61161 3, 69. 56116111 sotum 111616 Ascanium AE.
1616161663 4,14,0,3,379.13.1,579.511161 19,550.1,
4,,357 408, 13. 9,76, 384, gen. 16061611, 190 fove 6110 4, 930
400. 3, 30. 47. 950. 019 3161111ιὶ1116 11661. 61616 9, fovebat germanum amplexu
91037449,453,,6089169. 348661665793ε 1166133686
756.10,611,11,407. 19, fortissime gentis 11666061 l, 161601136666611, 981
7507711, 867 96. 061666115389 766· fovens 1016666611ιο 3, 558
1611616160 19, 335 611161 3154. 513, 06116 duc· fovemus 16616161666161 134,
16161611 juvenca G 3, 919 161 11661616 10, 185 110656, 918
01661601111107,69 6116 1111111 equum 111, 865. 16166161160610. 4, 46
formosam 5616111Ιὶ661, 5 011011619538 fovent 611 01661 1116 611119,
16116616 3, 79, 1166131745. fortissimus 0616161631161· 1350165661661616616664,
11161667, 67 0167, 759 5⁶
16161611 66661115, 44 1611611116.1111,61111,1111·11- fuvere hyemem 16111161666
16116611616666111661161544,1611,940.454.517.Μ9, 13.4,193.661116,1ι1116116
6666111338 79 385.656.3,53318.66611119,57 -
161661161661166613, 57 493. 609. 615. 4,100, 434, 16661 11661661 Ε, 3,4, spem
formosum 111616, 11611691. 6535, 99 356. 6951111111 AE. 1, 18. 11661161,
5 86 61111.6166666165,90 7196, 69.
16166161166116 4, 57, Alex 34133151 678 3388 66116 10, 838
117, 55. 16661110, 18 9, 914 960989.1316116616616061161093
ramalem. 8, 446 411107 9114943511, 43 16111061661603,490.161661
fornacibus G. 1, 479. 4, 963. 108. 198. 963. 345. 413, 1116ρο431330
AE. 7, 636. 8, 491 497. 761, 19, 147. 405, 593, 116616 uum sumunda 161661·
16161666, 631, 10, 8116 637. 677, 694. laborum 661- 61611110,991.111111.61ι66·
1616103950, 134, 6056, 419 16 magu 6161661611 0. 3, 16166161 13. 9, 9
1611 11661 ,161111631616161111 4591161 domus 4, 910. 1116116 vires 39170. open
9, 94, 7, 554. 8, 476, 111, 4586616 611 rebus 6611111 1161111 Teucrum 3, 53
19, 41. 714. adverb. 1611119, rerum 13. 9,.350 6616161·- 1166166 1610. 4, 940. 16661
139,5,,9196,.53711,50,16661611316104666-133556
19, 183 6666666116111146016- 111611 0611666616161116661116
1611661, 9033 19 061616116661666161111611· 9,13
16161166 3. 6, 58. G. 9, 988, quud ιι1 discrimen 7, 559. 11661115160110.3,161, remu
⁴‚..,118AE2506 1016113940 135999

⁹⁴37. ἓῦξ 615. 718. complexu cunctantem
793.

1611611613548 1611111167, 943. 11, 180 116616 66160165, 413

16116151. 6 1661661661616, 1611611161 10, 119 499. 19, 1166161 sonitus 1606166104,

6641661663377 435990 7916166133909

sorte 666110. 3, 391. 6,57. 16116661 1116166 683 116166οψ3115959.13. 3549

31 6199196191,166611116616111611613161 ⁴, 135. 5, 818. 6, 109. 18,

151,399,369..3759,81 0.,4987 168.10,.95311,195

· 136,349.756,011.3,91..301 1611666161 voc. 3661661311, sraenurugenttssuperbusl.528
5991. 319. 4853171, 959 1166111166116166661616 (1.4,
16ΞΞ. 35419ὁ 61319, AE. ,3,325119, [6116661661 9161601611 11 666 136

559 19, 906. 970 488. 766 161166116116611, 4759. puer 11666111666115564
1611661 Gyan 1611616666 Clo· 5, 49 1161611 11,719,380,19,979
16106161, 999, 510, 619.,4 16116661165111016113, 1, 437. 1166616661161666111610.8,184
988. Numanum 9, 599. 661069, 446 1166666661661619, 568
1966161610519.061116 ιιι fortunatorum 6661616618 630 1116111309
19, 513 8111111661 19. 55ΙΙ fortunatos. ο 1611666161· 61611· fragiles 1616618, 40. 1661618,
1ο1166116111166110.1,65,161. um 631166166166 61 0666 89. 6616166111. 1, 76
6616613, 988, 6661661610. 601161 G. 9, 458 fragili 616611 3 5856111616
9 996 161166613, 50. My· fortunatum, 403 1166163111 (1.1,317
666113,191.1.6111161137, 1606601113.11,416 111μ611666161816666
151 3616161 (1011111111 Sabinis 16· mucronis 19, 741
16111 11161611 4, 11, 71116615, 1116111116νέ7, 714 fragmenta 1616664 304
80151θ Etrusco 10, 938 11616610 501166161136, 1163616661661119,560.,106ω
161116 surgunt 16611116 G 9, 758 116 10. 1, 358. 4, 493, AE. 8,
48, corpora 13.1,101.8,16111601.,7157 931391419794661611
539.166161,641.’,110369 161160. 1, 3951311394. 3154

Qum menucuimnffiqu 116 ωὲ1116ῗ46616 166161136166

 

