01· 1703175. 307

009. 066. 4, 477. 666. 6, tuor 1161 ducitur B. 3, 00 Zephyri (3 1, 371. 0, 330. 117.

166. 660. 10, 307 · modus 111, ,11111111 ,11166 6, m 10, 106
ν1111116.4,0’64. AE. 1,466. “ 3111111111. 6,6. G &m

661.,33011.6,470.3,.166 ² 11. 3306613140

066. 9,061. 10, 301. 111111 11111113, 360. 407. 4,143 Ze 11.11]1116 1, 44.,0 106

6, 343 3111113111 1110 4, 3311 Zephyros& 133. AE. 4, 003.

, 1111116, 697 1111111111] ,331473 6, 634.

1111111111 11111117, 709 86¹ 10, 60 zephyrum G. 3, 134. 073 Β.
1111111111161161317.111111116101.6,68 1,.131 131333

1111. 1,1 1,111.6’,11.11,ἶ111111,117

nec. 1, 634. 7111. 0, 036 639. Ζ. nono quinque 11111111 edm
3,173.6,766346.,700 (1.1,033

066. 416. 10, 70 0111111613,Ἆο

 

