101 mnu

longevus 1611616716 1111111116. 3, 30. AE. 3, 3116. 16166616 3, 670
longevum 3, 636 agmen 1, 136. per 1611116 1111161,3(13
longevus 1111161661 3433116· 13, 364 161161 1111111111 AE. 6, 306. 7,
11 13, 430 longui Olympus G. 3, 333 in 636
longua 111661 6. 3, 437. ΑΙ· 66111616 agor AE. 11, 317 1661661 unguii G. 1,306. orbis
111116 61.1,371.6,637.11116 1611111111111111,411 1,469. 66161133,ωὸ 1
4, 467 1611111111111116.11,411.11- Lucifer 11. 8,17. AE. 3311.
longarum 166 16111 1111616 611 AE. 13, 476 3683
3, 714 loquar, quid 166611 E. 6, 74. lucifugis 11161111 6. 4, 343
1661616164463 prote 6111614337 Luciferi 3,1134
longi, 6. 1, 363. 3, 163. 3, loquelas 11166611 611 6, 343 11611611116111163.4, 10
336.477.4,70.Ε.1,13.31. 1661161161 6661666611 616676 11111116 6161111 11116111 64,
363. 3,711. 3,1166. 703 6, 16616616616613.1,11 340
33. 133. 313. 406. 439. loquentis AE. 7, 118. 3,163. Lucinam-26⁰
366. 6, 316. 373. 476. 7, 10, 347 11111 gen. AE. 6, 673. 6731.
616. 701. 8, 93. 633. 9, 333. loqui 6, 136. 366. 663 7, 143. 9, 305
111111. 16, 111. 111. 111. 1161611161 16, 911 lucis 111. G. 1161 1111111.
713. 731. 764. 343. 11, 94. loquor 11166 13116163316616 664. 673. 7. 761. 773
337. 606. 617. 7633611300. 4, 636 11116 G. 3, 131. 4, 643. ὣ 1,
13, 44. 63. 463. 470. 480. loquuntur 111116 Ε. 6, 3816 460. 3, 303. 6, Q. 7,34.
11111161 podibus Lycus 3, 6116161113 1,731 363110.3,1114.136.311.9,
666 1611 6. 3, 107. 611166. 477. 3. 634. 67311466
longi 661161 6. 3, 300. 161161 3, 373. 6,146. 3, 313. 13, 16161 Ε. 3, 36. 111, 68. 6. 1,
11 , 314 463. 634 476. 3, W. 433. 3, 19. 146.
longinqua [611116111161111111 161111 9, 707. 13, 433 4, 364 3. 1, 633. 6,13 164.
161113.3,416.111111.71111111 1611116 16, 466. 13, 336 136. 7, 11, 33. 637. 3, 337.
11116 6. 3, 137 ioricam 3, 467. 6, 360. 7, 640. 11, 740
161ἕ1611666611161111166161 3, 631. 10, 663. 11, 633. 11661161 161111Ι 16611111161111
,1,11 1111111111 611111
16616611661633016616· 1616 G. 3,114 1616666166116116616 613 .
11111 3,1130. 6616116616.. 3, 16161 frequentes 3334 33
633. 111111 3, 363. 1111116111 161616611116 AE. 111, 33 1611161616 13, 781
7, 73. 116111 11663. 11111111 1611166111 11111111,444 1611111616 nui-nin 4, 636.
3, 333. singultibus 3, 415. 1111166113146 111 11611616 &ignium 6,
passibus 11,307 166611161113,474.11111111111- 330.
longissima 11111111 111111 1, 6116136616336 1616611116111611,63
641 166111611686116,34.16111611 1611111161 16161 16 comibus
longiis 1161116. G. 3, 3381 7, 363. 11611116 Ligur 1611· 111661 6. 3, 636. mni ff.
1111111111 111166614133161· 1111111161611111111,716 6, 643. 1111161611 tonse
116111161661111161 131. 1, 1116116161.10,633 111117,38
363 1611111111 lo, 676. 677636 11111161 1616111 eripete 13,
longo 111616616313063. Lucum 10, 661 337
AE. ,403.161116167,338.11· 1666 6. 4, 63. 333. 490. 111. 1, 11111161611111167,334
ieri 6 3,64.116161163,600. 688. 3, 630. 634. 4,186. 6, 16116 3, 13. 36. 93. 333. 10,
1111116163,616.111111613. 106. 6, 370. 3, 347. 9, 163. 183. 871. 11, 33. ³50. 13,
1,]63.3,333.111166111 1,317. 461. 10, 367. 1116611161 661· 377. 634. 630. 667. 316
ordine l, 396. 703. 3, 766. pom 6. 4, 366. 1116611116 1611666363
6, 433. 764. 3, 733. 11, 73. 1161611111 4, 473. coruscus 161161 G. 4, 360. Ξ. 3, 363. 3,
143. 111116 3, 36. 111116 3,163. 611661 AE. 9, 470. magis 61· 713. 6, 374. 3, 463. 600. 10,
3,611. 1161111 3,1137. 661111 11111 1616114, 31 766. 11, 03. 133. 314
3,116. 11166116 3, 413. ng· 161116 6. 1, 446. 3, 340. 3, 161616 6. 4463. 647. 5⁶³.AE
1611166,30. 10, 763. inii-r· 403. 661. AE. 3, 471. 663. 7, 33. 3, 343. 601
11116 6, 330. 11116 5, 661. 633. 4, 463. 636. 631. 633. 111161 E. 673. AE. 1, 441. 3,
Eenso 8, 411. ex longo 16· 6, 436. 3, 333. 16, 704. 366. 631. 6, 761. 6,133. 11637.
1611164 11, 133. 13, 116. 660. 3,36
1011801 81161ς 1111 Ἢ {ruffi 16661111 1 11 66116664 lu& immine [ὤ ω’
. . 61 . . 6 6 .
1611111 3, 430. 6, 1311 161· 66111 fulgin 111111 6,, 603. 116111611161666616111111 E.
1616376. 116161 33616· sagulis 3, 660. qui coila 1,10. 1·611116,1.1166111 16
66116643 equitantis 1111661 11, 633 11163316161611 11616 16·
longum inquit 6111 Ε. 3, 73. 16661116 globum 16611 6, 6616 666116116616 6666611-
161616166611116161113, 736 1611166111 133633

661116 longum laetabere 13. 1661111116 161161 novum 161111 166611111Ἷ611161111316611μ1·
10,740.111611.11116161116. 11637 161611614,339

1,333.16161161 13. 1,743. 1616161161 AE. 10, 137111166- 16661 111116611116 juventus,
3437111161116161613, ῗο ordine 0616161166 11, «wedunam

160. 1616111111693. 111111. 46 16611616111 3, 331

 

