111 · 11111111

207 , Libystidis 6116 6, 37. 8, 368 2, tut. Lm
libate pateras Joui 7, 133 licent li. 8, 8. 9. 111. l, 661. 3, limitem 10, 614
libato summo tenue attigit 616 461 4, 103. 6, 350. 796. 8, 11616 G. 1, 116. 378. 4, 46. AE.
1, 737 679. 10, 46. 47 6, 416. ueluti 12, 120
116611116666161161666196, licebat neque 16111116 616 61· 1161616 juneo Ε. mainan&
26. 616611 nette AE. 1, 266. 111 E. 1, 41 2,136
1616161616 11111661 11666- 1166611 1161161 intuere AE. 3, limum 16111161 (1.2,18816
16161,736.616616,92 216161 rapuisse tbojum 11166614,428
1111611 Ε. 2, 28. G. 8,436. 61. 10, 14 11166111.8,80.11.4,478
12, 670 - 111661161611616161666116111 11616661661111616111166611·
11666161 0166116 (1. 4, 381 7, 667 11616 1, 142
11116111 AE. 1149118, 166 111611 12, 786 11611 11661111 AE. 6, 61311111
116611611111 10,67 lieet 6116111611 Ε. 9, 64. AE. 10, 784
11111161111166611111611111 G. 3, 11,348.440 lingue 11. 7, Β. G 3, 388.
194. equus AE. 11, 493 11161 1116. G. 1, 214. 4, to. 608. 4, 626. 171 8, 634 11,
Liber 1166111111 Ε. 7, 68. G. 1, 176. 531. AE. 6, 400. 402. 390
7. AE. 6,806 7, 316. 316. 9, 13911, 116 6661243. 614183. 6, 3
libere 116111. sum. 6611111 16611- 387 · ,1616611116661111111161- ¹
1111111111 7,369. intingens Lichan 10, 316 11111610,177 l
Lydin 10, 164. neque enim 11611 Ε. 8, 74 G. 1, mh linguam G. 2, 94
Turno 61611 116611 6161111 111116161111666111.8,468 111161111611111116116111116Ε3,
1274111111. iuuenile 6111 licitum 11616611 10, 108. nou 361
servitio 1116611111 uituli G. 611 10, 344 linguis trisulcis G. 3, 439. 61
3, 167 licuit 4, 650. 6, 82. 6, 602. 10, 2, 476. uibrantibus ugit 61
11661111 umuiesenebut 161161 317 cernentibus 2, 211. venie
1, 128 liguut epiris 11111111 2, 217 gentes 1111116111 8, 72311611
libertus Ε. 1, 28 ligatus inque ligatus 10, 791 11166111 11, 241
libertate Ε. 6, 821. 8, 648 111166 Nympha G. 4, 336 1161 neges G· 1, 77. segetem 1,
libertatem det 111161 11, 346 1111616661. propr 6111 AE. 9, 212
1166111111 epe! 6111 E. 1, 33 671. 10, 676. 680 Lino Apollinis filio E. 4, 67
116613, 36. 10, 69 Ligeri 10. 684 linquam 11111111 AE. 10, 866
Libethrides Nymphae E. 7, liguo 11166 G. 2, 31. 6661616 1161611166611116166161111111,
21 2, 118. inclusi Achivi equo 617 ’
1166 munere intemerate 16111 ligneo Ξ.2,46.]111611111111 116666116616613,1611
AE.8, 177 66666161616116 9, 413. 61116 linquebunt dulces 6611611 3,
Libra siguum 1111111 G. 1, 1116116111 {lectore 9644 140
208 liguum G. 1, 144 2, 412. linquebat hebenus 11,827
116116111611161 66 aune ΛΕ. 9, Ligurem (1.2,168 linquens nemuspatrium G. 1,
417 , Ligurum AE. 10, 186. 11, 16. Alpheum 3,19 luten
11611111 robur prefixum serre 701 AE. 3, 300. 61111611 4, 390.
10,480.11611611166111111, 1636116716 Aaron 61111111 Tithoni 4.
666 11 6111111218 usquequaquam 6,167.
1161161 lapillis 1611 per 1111611 11111 2, 46. 10, 26. G. 4, 131. 166611616617,662.111161161
nubile 6111111. 4, 196 AE. 6, 709 883. 12, 68 61616666110, 720
11611111 661111 16111111 111. 6, 111166111161611113,706 linquentem 1611111 10, 193
479 limbo 4, 137 linquentes 06161611 deenen q
libi-uuerbquodmineilesemum limen Ε. 6, 66. G. 3, 317. AE. dunt 7, 676 .
10, 421. telum 10, 773 2, 441. 463. 6, 316. 6, 46. linquere 66111113, 289. 161111
11616 111611. 1611111 G. 2, 77. utu. 663. 7, 343 iguotae 11161 mulieres 6, 796
mittut Ι 1166111166611111112,898 16116661111119,482.661116 1
Liburnorum 161161 1, 244 1116161 (1. 2, 604. 611. 4, 188, 10, 68 ’
Lib aeG. 1,241. 3, 249. ’139 267.368.61.1,389.448 707. 11666611111161111111111166111111 .
,1,22. 158. 226. 301384. 2, 321. 366 480. 608. 667. 111669
666. 677. 4, 173. 257. 6, 694. 634. 702. 803. 3, 91. 166. linqui pollutum hospitium 3,
843 861. 371. 616. 626 4,133. 61
1661661111111111143486161. 202. 646. 6,116. 626. 676. linquimus 61161 661116 Ε.1,8 1
3161114820 696. 7, 221491613. 8, 146. Ortygiae portus AE. 3, 121.
Libycus 6111 4, 106 232. 362. 665. 9, 648. 10, 61113560
Lib 1166116111 G. 2, 10611661 117620. 11,29. 236. 267. linquit 16 6611661166 mutem
16. 1, 839 112, 620 suorum 9, 726. nemore ll.
Ι’11)1126961π6,169371611111168, 116111134669966671111οἣ6476 1161111211 16 ventis 3, 706. inque
,271 4, 473. 6, 161 279. 427636. salutatem 9, 288. ecies 12,
ι’11116“”“ῦ’338’ω”ωο“ 11679115 9111166461θῇ, 1111111111 nonnumquam n..
616166166611111,627 423.482.881.12,849 Ι1111111166 G. 4, 303. 11161·
Libycum 111611 166161 6, 695 limite 11161 (1.1,126161 111 18.3,616.116116,θ.’6, 1

 

