01· 1703116. 33

88819189141118 10 783 331. 8, 330. 444. 577. 10, 1888988668 6811141417 604
1868848111 88181188 18981144, 141, 11, 510 13,436 lacrymabilis 9818141113, 39

w 18681816. 1, 118. 375 7, 478. 4881911181, 462. 44496343,
186884881888481887, 463 4, 340, 111 1, 40 577, 678. 6636 114, 770
1141111141-8813118494 verim 747. 3, 784. 306. 3,.368 4,1881·9111881(1.4,160

17,777 78. 6, 688. 6,65. 437 7 1881988884366. AE 1,,459
lebet 811848 erebro 188887, 471 8, 794, 378. 437. 7, 470, 3, 10. 344. 6, 771. 6, 1.

497 703. 16, 331. 767. 17, 33. 476. 11, 70 4591118148 18-
48611481 pectore 881118 181488 177 675 per 1184117,353.18819184418

11118141 1, 64 186811 G 3,177. AE. 7,.385 8,657
486818848811118118189818181881· 619, 5,845,6,1369188191888488181837171

G. 3, 764, per 8188 4118, 404 e 188191888411144117, 601

9944 ’ 18681181, 460 1881781887, 784. 3, 317. 348.
1868188481 umore 88181818 4 laborum G. 7, 377 3, 467 4 4370 413 5465 4599,

995 11.,6614741.1,13737143 339.373.,’.,1104661176
1868118814111111888181118117314636345736103.1766154

94 7117 484 6578466775. 1881981188. 40,,,79Ε 1, 738.
486818 8888848813 6, 746 11,73. 176446 7, 3. 445, 176. 367. 551, 3,
1868111 (18894818118881418146, 186181111111118181111.3,4347 4117. 4, 30. 643 5495173,

137 1864116,7,..611·111,673.14·6 6,,8678,.3849,76110,
486884881883781618477 1113, 77. 47, 417 506. 1441511191 19139

11, 714. vado 11, 638 186188181661191881111111 5, 7 64. 156. 400
1868114881 annum G. 1,6. 48 1861184818684118189111188141. 1881988818188168111, 774

111811811481111874344141418111 11,7741119111818481818188 188486. 4, 71. 6,,67 7,3. 15,

1733243313 3333... 11. 1411, 11311117·
lebenti tendit 1181411181 11,1883.7,,77 3, 6..78 (1.3,18848841811178111 88181119,

677 463 167.418417,91111.(1.3,676.
1868841818118 G. 7,133 48·118888817981181·111181Ε.7,.604 88118111. 8, 665

1811183167 4666116818 41811886, 641 18848841811881811486 1, 315

8811861. 3, 616 1188181111141491816886 7, 487 18841111. 1, 83 3,30, G. 3,
186884168118141114, 783. 811811 LucedoemoneAE. 7, 363 308. 374

7,14 Lacedaemonios 6918888813, lecu 4173141 7, 136. 6,
18688418 1111811114, 318 378 738 373 8, 66 461
18688481,111481 labentumque 1118811118 18118881 17, 98 lecum (21181817597

G. 7, 649 18881889811418881888118818811 18888186. l, 117 3, 355
18681898886Ε.4,.33311981- 3, 41 18881 1, 3777 ,159 459 3,

phe, 9818 41, 583 41181418118118,5,47 481. 4, 364. AE 3, 995 449,
lebes 111118 818117 77 1888164819 affl, 13 4,5.,766 434. 7, 755, 9, 74,
1861 9188191488884111481188 G. lacertis 6111841111 165, 141. 7, 396. 17156

1 ³3⁶ 194, 9, 997 6868111188. nom. ..propr 811113
11861819 8118861818486188 1888148 61886119 403. 40, 339. 343

1116811117, 796 14, 661 693 18118118 ace. 118111, 9118988111·
186148118181116, 3, 498. 1116, 188811 11 6188411811. 4, 74. AE. 10, 413

839. 86181 vedu 8, 91. 81411 6433 7, 6443 11811811( 48 ne 11198184 41, 10,

eccene 10, 687. 8118119811 lacertos 11116811179 48

44, 818 lacerum serpentem 411. 5, 776. 18111114 E. 7, 64, 118 9188181918
1468188881 G. 1, 79. 160. 8186, 475. 18881 8811111417 8816. 3, 778

3,61. 401. 4176143611, 471 18118 neu ferro 1868 1881188

113137 783575. 4,.5 4445, 188888188988189881818887. 7301

184.497.18.1,77.431.,7 3,51 41811884 nee pecudes 88848918

708. 3714. 4. 115. 377. 6, 4888818114 ferro 6818 regne 16818111111888111111, 61

77. 377. 7, 748. 11, 476. 17186 4835181618 18619188181-

476. 684. 111, 44811111841111 1888118181811818 10, 1668118 18186. 7, 370

888181188116. 1, 146, 88· 41, 354. ’1888181 11, 685. 18111818 9111174363

1881111 141416813377. 688 Teucros 68418 11, 343 1181818418 9883, 773

opus, 61818681· est AE. 6, 18881114 188481184161116.8, 1888189816,4,736

377111 17, 106. voce 811881 1888114 88191888881881 robur

1811818841 1118111111 3 173 10, 644 AE. 7, 731
labente 8148181481ΜᾸ,1188111481818181818198847,1811186811117,476

637 577 1811884811118188188 7, 8⁰9
1868186 1, 497. 4, 114 111111184111191818 5, 479. 18 1818118111489 183
1868188111. 144, l. (1. 4 ,7937 8111889118 1848118 7,166. 1184841881.έ8111,18119111838481

87, 165. 343 3, 74, 77 4,811111111881818 9713. 818· 688188 3 48418188481

166. 18. 4, 330. 456. 607 7 111681 pectore 8911811811 13, 3, 63. AE 7. 396, 814816 3

11. 3160. 457. 4, 733. 773, 85 3731918 411. 1,446.1)11111

6, 499 617. w. 6893. 7, 11881818 dms 653 1, 603. 89815, 183, dem.

 

