19 lum

348. quid 51515 1155511511 01511111 Nympha Ε. 5, 55 9, 8119 3, 198. 901. 4, 53. 5,
1111511151 G. 1, 311. quo 15 11151511 regio G. 9, 585 51. 755. 7, 145. 8, 94. 950,
51115155 515151 9, 95. quid 11151155 nou-oi, 159 501. 10, 504, 808. medium
heliudium AE. 4, 43515115 01511551 11115151. 4, 73 *militm G. 3, 303. eadat
11511151 buliu, 515515 151517, 5151115 115111 cognomino geu· antediem morietur 11111115·
41. 49 1515 7, 571 turo 111115515ΕΑ, 590. 597
5155551551510511111. 10,5. dictamnum 19, 419 5151 sing. 111511. E. 8, 8. G. 1,

151511155111113. 11399 dieu plur 51115 51 5551151, 319. 434. AE. 9, 949. 3, ’

515111 11 vicium 11. 4, 59. 1155- loci 9, 387 355. bie 4, 159. 5, 4119, 759.

m 1⁰, 34. 51115151 G. l, 515111 5511111 1, 153. 197. 579. 10, 915. 11, 495. 537. 19, “

555 115515. 555. 1, 111. 111. 155
515511155115511111151.5,50 775. 3, 153. 358Ι 379. 4, sing. Ι111111. G. 3, 55 m,
5155151, 5115511511111115155· 5499197919. 388. 394. 189. 394 3, 588. 5, 43.

15151115 55515111 o 11 5511· 475. 5, 357. 387. 454. 719. 104. 733. 5, 499. 745. 7,

5111111 Ε. 0, 79 770. 815. 5, 98. 389. 387. 149. 9, 7. 107. 981. 447.
11551551 5, 51. muium 111515· 458. 759. 898. 7, 949. 984. 10, 957. 457. 508 11, 91.

5118,5.1151151151 3555115 373. 445. 8, 85. 195, 359. 19, 114. 909

(1.9,393 373. 511. 543. 9, 091. 059. ,1115111151555115151-
51551511551511151111111.10,3 051. 10, 978. 358. 448. 455. ,11111115514151115
51515555515551151115110. 591. 11, 999. 349. 590. e 9, 337. 597. 3, 553. 1119,

1, 155 511. 11, 11. 111. 1511. 151. 111.1,151.5,15.11,111
dicem 1151513. 9, 550. 1155 10, 095 1155151 utque 5151 5, 197. 9,

744. 19. 950 dioto 5111111 1, 149. parens 1, 483
515551115515 surgentia 111111- 595- 5515511113139. putore (11115115 1555155118, 173

logi 5, 8511 7, 433 515511551101155115 (1.3, 197.
1115151155 10, 101 51515 1511111115 (1.9, 30, 3, 975. 1555515111. 11, 170
dicentem 11115 4, 359 AE. 1,439. 9, 174. 5155111515 difficile 511 G. 9, 957
5155515155515 115155, 533 G. 4, 554. AE. 9, uso 3, 95. difficiles 151115 9, 179. obitus
515515 7, 370. 8, 19. 9, 933. 4,189. 7, 54. 8959115115 AE. 4, 584

11, 345. 11511 E. 4, 54, 8,8. 3, 355. horrendum, 454. 8, diffident 1115111 3, 51

551-1111 5,9 deductum 511·- 5115 1175110113, 591 diffidit plumbatam 1511589

mon 5, 5. dignu Cinui 9, dictum 5111111158814 511151155155511155 ,193

35151515 fulsum G. 1453. dicturus 3, 154 diffugimus v’uu exangues 9,

pugnas 3,40.15511114,5119. 5151111, 551 non 515151 Hyloo 919

13. 9, 791. 4, 391. 10, 555. puer G. 3, 0. dictus 55151· diffugit 55111ρί1 515151· 10801

Γ15157,449.ς11115511,508. 11155111 1515111 AE. 5, 138. diffugiunt G. 3150977. AE.
1111111131251115 difliiii‘fziissiiiiiia, 1111113111137135 1,
111511 19, 40. 3515555155 uuo 980. 531. AE. 1, 5311. 3, 153. 319

nomino 1, 977 0. 441. 7, 507. 10, 555. 511· 5555511555 15 on 11111115 4,
dicati· alternis 3. 3, 59 5111115544 195. 10, 908
5111515113. 8, 979 1055515119815 5135551155551511 5551111111,
51511 15 crudelem 55511115 (1.4, didita 151111 15511 8, 139 455

355 (11511515551.3.7,144 51555511511551 5511111515 i.
5151153. 3, 55. 8, 53. AE. Ι, Dido 1,999. 340· 3511445495. 708

137. 5, 559. 7, 195. 8, 119. 503. 501. 501. 513. 070. 585. 51551515511151151 11. 3, 39

9, 79 718. 749. 4, 50. 58. 101. 117. digerit 551511 vei 515511 Cui·
51511514, 904. 5, 0119. 5, 107. 194. 155. 171. 199. 953991. 51111 51918915 55515155
. 935. 7, 409. 9, 591 308. 383. 4084511595. 549. 5511515113,445
dicta 115111. 1111119, 578. fluvii 5, 571. 6, 450. 455. 9, 955. digesto per agros 511111 G. 9,

cognomine 0511137119115111. 11, 74 54. seges 5155111111 9, 957

meo genti 1111 5151515155, 515551151155511115151515, digitos 9, 950. AE. 5, 495

73. 55111119, 1155783, 159. 790 digno 111111. [5115115111 G. 1,

950. 4, 995. 330. 498. 5, 377. 5151151111 urbes 1111515 3, 419 158. 1511551113.3,318.11151.

7, 919. 999. 8, 583. 10, 104. 0151515511 5, 359 Ε. 9, 35. cothurno Sopho·

944 448. 491584585519. 515 ubi. E. 9. 49. 3, 34. AE. 3, 515551151558,10. 1511511

11515. 11, 1115511515. 151, 5151. 11, 551. veni· 111. 1551. 5151. 11, 551.

11555111 51511 1, 81. 5, 39. ento G. 4, 455. lubente AE. 155551115355. Phoebo 15-

315. 8, 175. 11115 ubi 51111 4, 77. 11, 914 , 5511 5, 559. animi 555 digno

55511 9. 790. 5, 598. 7, 393. 515 geu. die somnique 51151 151551119,144 spondeo 515-

4718 541. 10533. 19, 81. 115111 G. 1,908 511511511511511111119,995

111. dabat 1, 515. 1, 151. diebus 5. 1, 11. 5. 1, 115. dignumque indigna 11115

gaggam, 500. vix 55 51511 {5⁴2 901. 399. 3, 503. 51. 9, Ξ5511515519, 5895151115 15-

, ina 11 11,

5151115151. (11115 55 5515151 51510155 digniori* Teucros 55511551

3, 910 diem E. 8, 17. G. 1, 949. 458. 10, 855
1115151 11113, 171 3, 341. AE. 1, 88. 374 739. dignu 555151511115 Ε. 4, 3

 

