1111111111. 111
193. 6, 136. 3, 33. 31. 233. videndo 11111 1111111111 3. 3, 1161111 3. 1, 396. 61. 4,

’ 362. 666. 9, 636. 13, 669. 216 167

369. 11,1. 14. 92. 217. 1111111 E. 1, 73. AE. 6,119. 6, 1161111111131111,
391. 663, 12, 333 19 33. 99. 3. 1, 193. 197. 313.
1111111111111311113.2,337. vident 2,136.3,133.3,99. AE 2, 6. 317 1991131331.
ego 11111111113,9, 17 629. 9, 317. 7311. 12, 136 746. 3, 311. 323. 623. 1,
victorem 111. 6, 215. 372. 613. videntem 2, 663. 9, 313 , 363. 666. 3, 682. 636. 12,
9, 373. 313. 737. 10, 133. 11611111111116111111116111111 313
11,141 1511111113. 1,361 1161111116.13,23. 61 1,631
11111111 2, 333. 7, 333. 9,163. videnti pingit frontem 11. 6, 11611113.1,127.Ε.3,131.3,
111111 11 111. 111. 11111
1111111 6, 263. 336. 9, 233 1161111111 ferri per 11111 3. 3, 11611111 6, 111
11111111 3. 3, 112. 1112634. 133. despectare AE. 1, 393. 1161111 6. 3, 11 AE. 9, 239
111, 623. 11, 239. 136. 12, 11111 mirande AEnen 1 , 191. 11611111 i, 322
111. 111 11111111 111111.1,111,1,111.111 in.
victoribus 3, 236 3, 111 video 1111111111 3, 23. diane· 2, 637. 319. 3, 593. 1, 113.
11111111 3. 3, 27. 227. AE. ³, dere 11111111 9, 23. patenter 337. 6193. 331. 11, 6111, 9,
394 13, 671. juvenem concur· 619. 13, 335. 111. 161. 721.
1111112336. 6,713. 12, 17. rere 111. 12, 119 790. 621. 11, 13. 263. 661.
131. Penates l, 33. 6,11. videor dicere 111. E. 9, 36. 939. 12, 222. 321. 113
61112323 mihi 111 per rupea 13, 66. 1161111111 11111111 urbem 3,
victrices 111111 E. 6, 13 reperire ponae 111. AE. 9, 671
victricia 11111 11]. 1161 193 116111111111111111111111111
victrix 11111111 compos 7, 311. 116111111111111111111 preterit. 1111111111 3. 1, 313
1111 31111111 11, 731 E. ³, 13. 3, 11. 9, 61. 3. vigebat regnum 111111111 Ε. 2,
111113.1,13661·.1,113 1,193.2,133.3,23.132. 36
victum 11161. 3. l, 119. 2, AE 2, 23. 6, 131. 193 316. viget 11161111111111111 1,176
133. 3, 323. AE. 3, 112. 6, 137. 222. 9, 663. 111, 673. 111111 11 immitte 111. 13,
111 1111111111111 111
1110131111 ,411166111Μὲ {a ⁵⁹³⁴} trieffen eonjugium 111. 11, 111ι1111ἰ1631ἰ311111 vigilanda viria
· · 1 · 1 · · ⁸
936. 913 11611111 1111113111 1111111113. 11161111111111111111611111111
1111111 11111111. 11. 3, 21. G. 1, 391 AE. 9, 313
3, 213. 1, 113. AE. 2, 699. 116111111111116111111111116. vigilantia fugit virne 3. 2,
emnwmwaffl m
611 231. 8³³ 1161111 6. 6, 27. AE. 1, 113. 3, vigilantibna 1111111 1111 61. 3,
1111111111111.1,111 11111,11.11,111.111 111
1161111161111111111111.Ε.7, 11611113, 32. 11,111. 797 vigilasne 6111111 gena 13223
11 videri E. 3,113. n, 21. AE. 2, 1111111111111,673
1111111163 3 1,337 591. 6, 331. 13, 261 1111111111111123
videat 3,176. AE. 1,132. 1, videri pre videbatur 2,131. vigiles 1116111112, 263. pon..
617 3, 19. 12, 213 rnna 2, 336. 1111111, 132.
videbant 2, 123. 6, 333 viderie, quam 1161111 enece- 1111111 9, 221
videbar 2, 279. 733 3, 171 6111 111. G. ³, 166. quartem vtgttum excubiis 9, 169
adigat 1, 433. 6, 333. 9, 332. 3641111 quum tegeret 111. 1, viginti 1111111481, 531. tentia
1 1111111119
1111111113.1,333. 163 AE. 1, 1161111,6111111161111 1111111111 11111131, 116. 1116731
193. 566. 6, 673. 11,63. 12, tia regnantem Ξ. 1, 266. 1111111119,611
379339 irrumpentem 9, 729. 61 111 11113, 6911. 11,237
videbit E. 1, 15. AE. 2, 679. 11, 61111111 peter 111, 711 vitem 1111111111 3. 1, 227
391. Ι2,616 viderunt 9, 111. 13,139. 11, vites 1111 animm AE. 11,312
1161111111, ipse 1161611111 11111 117. 12, 612 11116111111113. 1, 271
Ε. 4, 16 videa 6.13,16. 16. 1,333333. 111111 11111 S. 7,12
videbo 1, 77. AE. 6, 631. 13, 2, 639. 3, 313. 1, 113. 6, 1111111111111 G. l, 136
,6711213 111. 111. 1, 111. 111. 1, 1111111111. 111
videbunt, ¹0¹ 1111111. 11, 1111. 11, 11 vnn 11 1,.111. 111. 1, 111.
videmur nequidquam 11111 12, 11611 precedente 11111113.1, AE Ι, 732
⁹1⁰ 333, 133 2311 1111111 111111111111 31113,

’ vitemus 1. 1,1’11. 111. n. 111111.1,1.1.1,111.11.1, 111

3. 223. 622. 631. 336. 11, 126. 333. 463. 613. 3, 313. 1111111 petie leonia 6, 177

,349 1, 33. 139. 3, 612. 3, 161. vim 3 1. 399. AE. 1,39. 3,
11611611 pro 11611111 3, 779 619. 7113. 7, 69 293. 3,1193. 461. 6, 133. 13,77.393.11,

116116111111111111111111112, 666 13, 332. 12, 2. 361. 763. 12, 199 799. 166111
,669 . Ι 913111111111116111116111- 111111 2, 162. 1111111 verbo
11611161 1111111111 quae 11111 cau· 611111 E. 3,117 crediderat 13,.117

aa E· ¹, 27. peinana 1111111 1161111 1112333. 3,197. 11, 1111111131, 1216331

epea 11111 AE. 9, tat 339 11111111 G. 11213 111

 

