6111611116 11
mennam neman.e‚en.me,een. unanimem-exn,

ι 6666116169181 646 979. 19, 163. 999. 1661661

66661166 0 9, 113. 976. 466. numenoio petet 16 preeepe, quentm
61. 1, 134 Bienoris Ε. 9, 60 66. 6, 678
166611 6161161, 116116 1111666666 n. 16, ee 116116 n. 6, 161
666111 9, 139. E. 9, oefl bibent 11616116 iontem 0. 4, 39 61116 AE. 1, 739
liniarum 9, 710 61661 9, 606 611166 9, 703
6616611161 0. 1, 979. 8, 467. 616666116616166661661 AE. 1, 311166 9, 679. 11, 396
61. 7,639 749 bitumen 0.8,461
661611661 9, 666 61661661 161 111116 E. 3, 111 · 6111161166 E. 9, 39
6611116 0. 3, 664 bibuli 61661 0. i, 114 611166 166661 16. 11, 616
66161661 R. 9, 69 6166166161111616 AE. 6, 997 61116 ponte 9, 939
66166116 funde 0. 1, 379 61661661 lapidem 0. 9, 349 61111116, 897
66111616 9, 119 616661 Tybrim Β. 7, 776 61661116 0. 3, 196. 49616. 1,
’ 661161 16. 10, 496 6166161 mm. 9, 976 670
1161161166, 313. 19, 974. 949 61661166 1111616 0. 1, 964. 9, 11661611661166, 197
1161611111 3, 491 869 61661161 66161 Ε. 4,99
61161616169,946 61161611 11116661 6. ,797 6161116 0. 4943
66166 6.1,99. 9,34. AE. 3, bidentem 19,170 661616 AE. 0, 776
616. 1, 161. 11. noo bidentes 6. 1, 611. 16661. none 16111. (1.1,166
16116 1, 111. insen 6666616116611 1661616116166616666,
barban 1, 639. 11, 777 bidentibus 0. 9, 400 4471666 Ε. 1, 734
neminemnam 1116116166116 1166611666
1161661166 nure 9, 604 61161616 6661661 61111616 E. bouerex 11,944
66166166 Ε. 1, 79 9, 618 6661166116 6611111616. 6, i.
661616 G. 3, 366 biforme· 3611166116 ,6116 mihi 1116116119.19,647
961661111443 biformis 1116166696 · 66616 6666661661 16496
¹ 6616611 4, 639 bifrontem Jennm 19, 198 bonnm 111 Ε 9, 106
61161661 7,739 6111611111 1161 1, 190 bonne 6, 61. 66. m. 1, m. 6,

Bavium 6. 3,90 bigis 9, 979. 6, 791. 7,96 19, 641. 770. 9,679. 10, 499. 1

nonum nene 161 11166
666111, 94 bijuges equi 0. 3, 91. equos 866161 0. 1, m
1161161 6. 699 19366 116161 9, 316
&bryon 16. 6, 373 biiugi 1661111 6. 10, 963 Bone 11. 7, 61. 0. 1, 93 370.
Inigene 0. 3, 901 61 ugia 10, m 463. 616 AE. 10, 360. 19366 pineis·
6611 AE. 1, 691 biiugo 6611616166 6, 144 6661661166141
6611661, 99 bijngoe 10, 637 6616161 0. 3, 976
11116, 66111, bellis, 66116, bei· bilicem 16116616 19, 376 Benene 111. 3,(187

1661, peu'm 1611 1111116 1111- 611161661111161 1, 661 661 6, 491. 7, 790

nim 1611111 bime fronte vitulus G. 4, 999 116166 E. l, 46. 6, 96. 0. 1,
belin, horride 66116 111. 6, 96 bimembres nubigena 19. 9, 986. 3639 R. 7, 663. 9, ·
6611611116 11, 960 m M m. 906
1161166161 0. 3, 994. AE. 1,466 6166 6. 9, 496, 67. 16. 1, 313. 66116 9, 193
1611161666, 6161. 61. 11, 1616116661. 1, ees. 1, boun 11. 11166111. 111

“ 410 168. 9, 963. 19, 166 AE. 3, 990. 947. 6,61. 406.

6611611161 nenne 11, 660 · 611166 0. Ι, 179. 4, 90 9, 917. 11, 197
6611616 9, 4011 61611 611611 61666161 R. 6, 96 61661116 (i. 1, 9094, 17461.
66116161 (1.9, memmei. 61666 E. 3,30 97996186864677409.
11, w. 663. 700. 19, 614 61611660661 ponii! 16. &Q 497. 999. 0, 700. 8, 469. 619.
6611616111 eqni 10, 991 10,6 9, 693. 10, 666 pm ,66ῃῆ
6611111111 Ι, 493. 7,306 bipedum equorum, 111611116- 616111, 0. 1,34. pro mni.
mimenni& 6311166.. a. 1, 61. 19311691199
661166 161666, 987 16. 6, 307. 11, 661 16111 inaniet 911791 m,
6616 1, 73] bipenni 9, 479. 11, 1ae 636
66161 Ι, 691. 799 bipennibus 9, 667 6116161 6, 999
benene 0. 9, 160 61111161 1, 199979 61611 tempu: 10,467
666666 61. 10, 906 611 Ε.3,6. 30. 34. 0. 1,49. 491. 6161616166111110.4, 194
beneolentis 11. 9. 49. 61661161 9, 160. 111. 410. 411. 9, 394, brevi· AE. 1, 111
1161111111191 1613111666111111119
menomenae ,111 nobb· 666. 1’1,16’1.611’.616.11ζ 1611 n. 111. ὁ. e, 66
9, 167. 6161161661 1119 be· 34. 699 nminem 6611111 169607
1161616 9, wi 6116661616 9, 619. 116616 11, 616111616661- 9, 11. 40391
1666166166. 9696 ffli- 666111 8911666163. 6391163699. 9, 969. 10,
mim 66666 161161 661661119616616661. 161611
3611161616 6, 794 9, 99. 619 116611ὲ1,4416.11,199. 81111111 6, 991

 

