03 17011118. 13

Δ1γ13,338.338 1131131,,.43383,781 430
11111 G. 1, 47, 8, 488. 31. 1, 1331111 118811 133111131111111113111117,
333 1113113. 8,,88 G. 1, 3144, 878
1111111118, 44 ¹1..AE 4,83. 11,,337 80. 8, 1135311118, 3
1111313310118, 1308308, 318. 8, 884. 311 11131113, 388. 8, 888 Ι
4,.,.83333307,.,488134.133111]1111.111111.1,88371311113131,888,8,708,8,
pgwffl. 1,482869833 ἑ1ἒῶ318β78,111131,8,107.ἓὲἆ3ὲ9747,831,10,833,18,
18, 403. ’111111 G. ³, 83. 11331113, 483 1353111 1111111117, 138
AE. 3, 330. 31311114, 833. 11311181084318. 7,.400 111111331113111, 170
3738377347337338114 14971143 1131177141, 4,,Ὕῶ Ε. 7. 183, Δι11771731117378114, 8418793211. ³:
1111111311 certior 131131, 8,480 334. 18, 134
1111111111, 10, 310. 1311111111 11310111118,140, 11, 831 111111110888831,,,8783
11131111 non 1111111131111 1331114, 3118, 3, 813 7, 380. 8, 38
11, 818 431311111111111 13311310,4,78 83018. 8, 11111110. 8, 480
111 18, 138 703. 8, 43 111311 1, 871. 8,30, 888, 8,
1111111111 frugum 0.Ι,87.11331131114]1110.4,488 343
1111 vibratam AE. ³, 481 1331111 AE. 11, 811 11114118, 873
1111111331 111111 10, 37 11111111 803 1113131313111113111111 33,
1111111113,333 1111131 8818 Ι, 314
audacem 9.³ 1111111118, 133 1111311 3113311110, 8, 871
13311111 8, 318 1111111 11, 801 11131113111131 18 808
aud-01 1,111. 1111111, 111111,’111.1111111 uvidum 1 1,111. 1111111
783 1111148, 1, 8. 13, 31 1113318,188.3,810.18,880.
1131113110, 1,411. AE. 7,114. 1113113 3, 37. 0. 1,77, 134 4311
473. 8, 383 Aventini AE. 7, 338. 11881 1111 0. 8, 3811, AE. 7,33, 418.
13311114, 313. 7, 408, 11, 4113111317, 331 10, 801
818 41111113, 448. 3, 738 avite 11111111 10, 738
133111οψ433δῶ 3,37 8, 4111314,’.,’.3Ι838183,801 11111111 inG.³,³³8 ·
110 4111111110,8,134,4,488,111, 1131131107138
13310334 3,118. 3347,81 11131110 1, 488. 8, 808 4,
1331110,1,434. AE. 4, 884. 41111103, 183 1134111011131
’ 0888 11111111, 488 8,170, 4,,838 11131 13113111 813
audebit G. ⁴, 108 3,408.18,347 1314 G. 480. AE. 1,140 4,
1331113118,18,138 1111113, 884, 8,.418 11, 871 838
audendum 3111118, 380 11111130 Ι, 818 13111110, 8, 83
1331111οη8 1,138 31,8,,380 1111111118, 433, 434, 483 1111111118. l, 087
11884111111311188,131111131110.4,,,488811381 1131118334
audentem 318 ,348 11111311, 338. 7, 318 111110. 8, 304, 4, 808
audentes 10, 884 11131311311111111114,347 4311111331.18,880
13313111111111111113, 83. 133 avertem 1,408 43111111 10, 807
0881 1113111110 G. 8,,810 41113131, 4, 483
1331310303 438, 131, ³8. 4, 884. 10, 4111111, 700
1131110847. 18,814 7811, 708 4311111,717
133111111041 1111111114,103 11118, 437, 4, 838. 3, 330, 3,
1331111 8, 3311, 8, 7 1111111 G. ³, 880 777, 'mo
13311 111. 811. 18, 138 1111111011804 11111111, 718
1331108788. 1,488,3,1111·111111311311 1131331 111- 1111330. 4, 808. AE. 7, 177.
878, 887. 8, 808, 11, 8118 3111100178 18, 348
11311111, 184 11111113. 1, 104. 478 4, 888. 111111, 840, 873
1113111114, 887 8,81111. 8, 78 1311 8 4, 417, AE. 1, 343,
1331118,,..81008,188.111111118,833.310 8,,8883,804.18,370,
AE 18, 800 1111111314111111 1311111313 317
1311111318.,.8743 0.8,488 111118.8,38,,,ὢ8788.3,
1331111310.8,388 11111,133.03,183,811. 833..,38)38447,“,,80
1331111111. 8, 11 11,873,18,843.808 818.743.11,811.18,381
1110311010οΜ 11111111 1111 71111111, 318 1311111111111111111113747
113111 Ε, 3, 880. 1,473. 18. 1111411111111118, 178 numm, 278. 7 2ae ο, σω
4,.7888033,838,7,.883 1311114,.,8888888.10,308,131113.1,,370.,..1873407
313, 8, 3811, ὁ10,.484 404. 11, 744 8,333, 488,8,’108. 188831.
1078483418448 11111118, 488. 18, 813 874.4,171,483.488.18.1
1131131118, 333 1111111111, 718. 837 38 887, 8, 1311. 838. 3118. .
133111 G. 011184, 81878 43333111, 4113 738.781.8,488,3734,173,
³³³3 ,7 ⁴³³ 1,1,08 ,.78 11ξ11ἰ1ηρο13118111111 1113111 ffifflzmffgflxss
..111111110111111111111 11111. 111, 111. 111. 1,11. 111.

 

