'Ol' wonbs. 181 ’

tepidus cruore, 106 1111111 alvo 111111112273 lemni 1111111111 11111 AE. 6,
111 (i. l, 281. 283. 4884. 886. 11111111111111111 011111, 732
AE. 1483. 2, 792. 793. 8, 1111111111111 1,287 . temno 11 aggere 11,860
666667. 4, 690691. 6, 700. terminus aevr G. 4, 206. hro 1811111 omues num 2, 728.

701. 8, 230. 281. 282. 10, 111111 AE. 4, 614 11111111 2766. 111 n· =
685. bis 886. 886. 11, 188. 1111111111 Ε.8,73.111111111 1111 11 somnia 4, 9. 11 mo 1
189 AE. 1, 266. 11111 8, 666 1111111 9, 138. vulnera 11, r
ter mystica 3. 8, 74. G. 1,346. 11111611111116,660.611116, 643 111 1111116111112, ,
11118217162111, 680 894. 61 me 1111111 12, l

141. 10, 873 terno (1611111166, 120 806
11111ρί11 AE. 1, 116. 3, 421. 1111111111111Ε.8,77.11111· 11111111111118, 109

bros 11111111 111111111111111111 ’

(11111 11111111. 1,410 term E. 8, 93. (1.Δ 1, 278. 330. minis 111118, 40. fem 9,
1111111111111112,399.21. 2,136.3.866 1216318, 691

l, 94. 4, 680. 12, 166 164. 206. 630. 4, 37. 178. 111111111111111,280. quidne r

11111111111 1111111 (1.4,114 7, 644. 8, 243. 9, 834. 10, 111111110,879
1111111111,1,16. AE. 1, 272. 321. 878. 676. 11, 286. 12, 111111 imago 4, 363
4, 610. 7, 276. 8, 716. 9, 646. 601. 773884 111111111111111111111, 1111·
370. 10, 182 11111 111. G. 2, 27. 313. 347. 1111 12, 876
111 61111 AE. 8, 47. 10, 218 AE. 1, 641. 629. 8, 60. 887. terribilem 1111111 galeam 8,
’11111 111. nom. propr. rin' 4, 306. 340. 468 6, 48. 6, 620111111111111111111111
1117111111 (1111111111 11, 84. 388. 608. 662. 807. 9, 9, 603
676 486. 10, 76. 277. 881. 12, 111111111111111111116,277.
terebramus 111111 3, 636 803. 1 11111 s. 8, 40. G. l, 111161 8, 266
terebrare latebras uteri 2, 88 467. rub 11116 8, 377. 4, 43. terribili monitu 4, 466. squu-
terebintho 011111 10, 136 12. 2, 472. marique 0, 492. 1611 6, 299. 1116 7, 667
Terei Ε. 6, 78 10, 162 torribilis AEuou 12, 498. iri
111111111111111111 (1.1,380 1111111111. 11. G. 1, 63. 83. ,611111 12, 947
111111111111111 1, 102 2, 901. . 1, 698 3, 628. 111661111111111111111111-
1111111 truncos 1116, 2011111- 4, 134, 6, 666. 6, 6811· 696. bibus ignes 4, 210
6117,730 10, 67. dal. G. 2, 29. 290. 1116111111111,624
(1111111111 E. 8161111116 818. AE. 6, 796. 6, 368. 111116161111ο1113,431.11111ι
AE. 6, 313. 111111117,666. 7, 36. 290. 10, 666. ll, 22. gitur 12, l
cervice 8, 633. haireni 11, 87. 103. 206. 1280311111. 1111112.3,104.106. (1.1,182.
679 plur. Ede, 87. (1. 1, 86. 2, 92. 474. 479. 688. 3, 242.
11 1611111111.1,97.2,236. 184. 470. 2, 37. 46. 109. 4,117 AE. 1, 3. 16. 460.
11111111 11111111. 111. 111. 1411. 411. 1. 111. 11111, 111111. 111.
11111113, 426. AE. 2, 208. 1, 298. 610. 3, 72. 6, 776 620. 4668. 618. 6, 717. 803.
219. 474. 6, 8761 111111 1111111 G. 1.1.147.166.494. 6, 18. 812. 782. 7, 214.
G. 3, 80. 4, 13. AE. 1, 686. 2231269364 613. 3, 160. 8, 170. 10, 683. 807. 12,
6, 97. 406. 6, 243. 422 7, 171. 266. 409. 634. 4, 97. 803

w. 9, 706. 10, 482. 784. de 16.1,107.133.478.2,261. 11111111 urbes 4, 187. bm- .

11111112,17.11,81. 630. 3,29 93. 273. 4, 241444. lum 1111111 11, 361. bello
1111116111 G. 4, 86. AE. 9, 401 6, 366. 7, 369. 639. 12, 2112. bello 11111 12,
794. 10, 866. 1111 nudant 748. 8, 719. 9, 608. 10, 206. 862
6, 666. 11111116491. rer· 349. 489. 12107. 643. 16 territus 6, 463. 9, 793. 11, 699.
111111 8,706 616011 0, 686. lemur G. 8, 624. AE. 2, 12, 762
dant 11411. 11111111. 111. 1, 111. 447. 1, 111. 1, lumniam
r dmm 126138 r 4 511 666 Π’ωι’ m Μὰ wi& ⁷3⁶ 11 11441 11
e 1111111 11111 , errori 11 , . .
tegmini Ge 11118202 terrarum 11682 ambs. 617 ’ ¹
111110.3,36.22.1,368.2, 1233. 4, 607. 6, 696 1111111117,662
231. 3,212. 6, 168. 403. 7, 111111 F.. 3, 61. 4, 14. 61. G. 1111111 4111111111112,111.
94 8, 183. 10, 646. 718. 1, 288. 2, 346. 3, 230. 626. Typhoeus 8,298
867.12,416.432.111 111. 4, 62. 12. 1,68. 224 286. tertia 1111. 111.1111111,266.
1, 114. 111. 1, 111. ,1, 111. 111 1, 111, 1, ,1111111111
186. 2, 466. 8, 607. 9, 322. 170864. ,4,6266. 269. 111ο11111111111111116,330.
12292 281. 362. 461 628. 664. 6, 1111.1111.1111111113,37.11-
11116111,ἓέ’1ὅ ὅ ³5¹ 94¹9 &33:388ngss ⁷3¹³} 111 2ἓ101ῑ11118,646. 66111111
“ffusseba‘ ’ ⁸ ' ' 111111. 111. filisu, 6’1,11’1“Μ’859’ 'mn‘
11111 1111 111111 4, 271 626.12,461.860 1111111161111111111116,314.
terit 1111 fruger 0, 1208111· 1111111 umbras 6, ι401 Eurytion 6, 496. 111111 10,
cem 11111 mom AE. 6, 11111111 1111 1111111111111111 176

4. 44. 111 3,11

324 8, 349 1111111 11 bello rignum 7,
11111111 11111111 buren (1. 2, terrebere 1111111118. 1,469 637
610. nrum 11116 63. 9, 609. terrebis 111ὲῖ 1111 l, 166 lull 8. 1, 991

 

