01 1101101. 01

511 AE. 3, 636. 10110 ramus 6, 440. 011 01111101 12231161,
11011 00110111 G. 4, 249. 01111. 406. 0101111 adjuncta lateri rego 7, 261
00110000 descenderam AE. castrorum 9, 60 Latinorum 10010 7,100. 1010 ’
2, 262 1010011101 1011 12, 389 8, 448
100111101101 G. 4, 449 10100101 G. 2, 216. AE. 2, 38. Latinos 6, 698. 7, 151. 202.
100101111 AE. 12316 66. 1111167663. 001100 000- 426. 111, 237. 311. 12, 1. 448.
1101010111 11 10 miseret 6, 354 101 10, 601 666. 823. 837. 6001 8, 602.
11010 2, 226. 3, 215. 4, 624. 10100111 001111 G. 3, 644. 01· 11, 688 00011101 10, 4. 010-
10, 760 101111 4,42. 010οἱ1 AE. 3, 232. 101 11, 17 01010101 0001001
lapsum 10 1110010 101000111 424 10 10101111110101111111 11,331
10010107,374.1“1111111111,6411. G. 4, 423 Ι,1111001117,333.373.0001111, ’
0 111 0011100 ’1000110100 12, 1010010111 6001100 AE. 3, 713 6. rogem 7, 467
64114. 10111000 Metiscum 12, 101001010ίο 00101006,214.12, 101100136292. 103192.
470 687 249616. 11,231. 238. 12,
1001010, 000101001111011001· latentem 10 10110 1001111 Tyn· 18. 161. 196. 286 609. 707.
jam 1001010 6. 602 darida 2, 668 101 7, 46. 432. 656. 9, 383.
100101 011 0110110101 G. 3, 467. 10100101 0001111 3, 32 12, 1137. 00101 11,469. 10001
00101111 01101111 AE. 6, 86. in· 10100110 0010 l, 168. 10010 3, 12, 192
1011101101 01 0001010001111101 237 Latio 1, 6. 31. 266. 4, 432. 6,
7, 349. 011 0011111 sarisam 1010101001011111 (1.3,623111- 731. 11, 67. 89. 793. 7, 38.
12249 dua 101001101ιί AE. 4, 666. 54. 271. 601. 8.10. 14,10.
100101 10101010 subjiciunt 00- 1111111ιί1 4, 246. 0010 6, 306.11,141.361.431.12,
dibus 001112, 236 216 24. 148. 820
laquearia 10011 8, 25 101010 11001011 1000111 G. 4, 1111001111011111132468100·
laquearibus 1,726 419 011 AE. 4, 199. 01110011 11,
1001101100011110101016.1,139 101011 3, 64. 111. 2, 19. 341. 887. 11, 466. 01111 8, 6116.
Larem 3, 344. AE. 6, 744. 8, 393. 663. 4, 73. 5, 434. 7, humeris 9, 726
,64311259 690. 8, 469. 9, 69. 636. 679. Latium 3, 206. 564. 7, 342.
101001001011111011010110111111 10,161.11,489.12,432 7119. 8, 6. 18. 322. 10,68.
(1.1,10 11101111,110.100.10,110. 1110010010
101 nom. soem. 1101 00010 12, 274 1010 1101111ἱο 10110 1,313.12,
endi AE. 11,373.061. 01000 10101 1111011111 1101114 E. 3, 93. 166. dedit 010 1000111001 2,
10, 619 01101 AE. 2, 48. 1010 001101 482 1001111010 10110 4, 131.
101ςί 100111 00010 G. 3. 308 3, 636. sub 011111001011001 0010 balteus 6, 312. 1101110
largior 111001 AE 6. 641) 4, 632. 001110 6, 6. 010010 9, 323 0010 12,389
largior verb. quidquid 1010· 11110111 6, 136. 001111111110 Latona 1,6112
0100 humandi 011 10, 494 7, 606. sub 0100100110010 10101110 11406. 11, 631, na.
101ςο 11010 (1.2,39011110100 10,626.10141110011010110, 101 G. 3, 6. virgo AE. 11,
16. 1, 466 fletu 6, 699. 100- 806 567 .
guina 12, 721 1111 aditus 0001001 6, 43 latos 0001001 G. 1,492. AE. 10,
10 01101016 1,386.110101 1111100101,686 408. agros G. 4, 622 AE.8,
,2, 271 1011001 G. 3. 609. AE. 4,164. 8. 1111011101 2, 721. 6, 376.
largum imbrem (1.1,23 612. 6, 218. 716. 7, 464 11, 679. 011001 11, 644
1010010000 AE. 11, 338 1011011 G. 2, 102 1111000 6, 401
Lari 1110. 01011010 1011111000Ι 10110010 AE. 1, 736 10111010 Lycisca aa, 18
Lario G. 2, 169 11111100 1111. 001110 8, 66. 0100 latrantibus monstris 6, 76
1111111061. 10391396 9,367.11,1011 1011111 Hylax 111 1101100 8,
20110111110011,666 Latina 1011111 7, 400. 00101 107
ια1111011111011111012,197. 11, 10, 300. 1011010 11, 618. 10110110011011010001111112,
404 quacunque 12143. 01110110 761
1010110 00001Ιο Ε. 2, 64. 000110 111001. mulieres 12, 604 10110101 Anubis 8, 698.

, 3,64 Latini 0001111 6, 668. 7,716. 1011111011.3,412.1Ε.6,417 ’

1011010101111101100016.2,739 108116. 11, 108. 134. 302. 101101010011001 6267
10110 00110 00 01010 1101011610 402. 603. 613. 621. 12, 16. 10110011 101001 12, 7
0000124 240. 648. 656 603. 731) 10111010, 000 10111110 doli 110·
10111 11011. soem. 1110000 12, Latini 1111116,891. 7, 284. 11010 ,1000001130
374 00111 01111. 1011111011. 407. 686. 11, 213. 12, 68. 1011111101 1111 10 0111 ww
3, 213 101000011101081010 137 667 1111010 agmen 10 613 ,
1011 AE. 2, 312. 0110010 6, Latinis 7, 367. 470. 8, 117. 10101001111001161100110101-
549 9, 717. 10, 77. 11. 229. 000- 11100011 10, 792
Latagum 10, 697. 698 000111 7, 96. 1011011313. 01· 11101101 se 1111111110 010111 901-
latum 11011001 inglorius alvum vis 8, 38. 10, 3011. 0110111111 0111111 8, 636
1010011111 6.4,94 0, 486. 0001011 11, 1113. 01· 1010111.6,63..47.1,82.2,61.
1110 01011111,1111111111011110111011 111001 12, 211. 101111 12, 3,681.10,314.778.12,304.
1111111. 693 607. 1101 undis 01010 1, 106,
1010001 0001 0010011 E. 3, 20 6011001101. regi 8, 17. 10,(16. Hesperium 341860110ῐο0
10100011011100101100111011111 11, 128. 12, 111. 10001011, 10011 6, 42. nemoris 7, 066.

 

