911 71011119. 7

„temo 191. 01104 71, 999 12,139’ ’ 199991 agnen Palinurus 9,

ι191919111111117,36.2’.297.1711171911111111,9919912,944 ,939.9991191991910.1,421’
923339111,’999.11’11919,1“1119’7””.294 111919 9913 9119113. 9, ’272
11..2,400 319, 401, 917, 11711911. 999. 2, 700. 7, 91. 199191 999 91910993, 209,
11, 97. 99 944.9.129.11.199.’940 71991 1919111919. 299. 11-

9199111. 1, 324. 2, Gffi. 8, 190. 992. 111, 332. 499. 12, 10 71 1119 9919191110 θ’ ..939 νει·
9219904, 197. 999, 9, 9111191919 1999114310, dul· 919112, 339, 19 Palinurus
229. 9.640.,,9290 10,102’ 91999ηῶ9,49’9 39937199119119190,

11991111. 1. 4011, 409. 3.’399, 199911111919911991111912,992 466 ⁸0 7109019 096
ΔΗ, 979. 997. 2, 939, 9, 19991119 0911111913 970 179111 gen Ε. 0,0
492.972.9.13.1411.9,130.19991111119101191990, 4, interagendum'n. 9,24
7,.94 99. ’999. 930.9’. 70. 992 4999911173. 1, 999

9790,24.10,299490’.11,ι9’9111911191999119,7,717 1999141917, 707. 904. 9, ,

2701199799. 12,293. 679 &ento-2310. 911987 477 683.11,433.19191111191114
91991911.1,90.0.4,79,9111919919 19019991 19119 0 7, 1911119910 3, 4705.Ιὸ
229.2,113,,4 974, 9, 999, 979 10, 934. 119191199119119111.
921.11,496.7.29.1411,299. 19111911991911319, 199. 8678 tigres 1191911199 9

9.924,701.9,949. 10999 9191919911.9ἕ1104.239 866.91119911,9111107. ·

11, 724. 002, 12, 999 191111 111911 nmmum AE 0191199115991 11711191-
9199011911, 947. 91911394. 939 99199999 3, 472
m 19111119. 9, 992. 111911 10, 17991991 omnine 99919994,
9199311109199111. 7, 799 191 611)
91991111,191110.2,202..71.11114111 oeulis 11999191 1,921 ugentes 111911 ventos 1,392
44411, 9, 7627, 997 9111911 numme SabyllaGw 91909119. 7, 97 G. 1.
1199111 0111991111. 10,921,13911199191191111919911139102.107.2,,92’43 930, ὢ.
191199, 99 - 711111 2940911191 99911 4,.626 1911166112
ι19911111ι911199. 919, 939 1119911171, 739. G. 1, 290 179199199991111119, 61
ι199119991196,939’,19111191 1919111 199179 AE. 1, 492 1710919991917491
7..291 01191999,310 1111191997. 07 :get currum 9091319099,
91991191 haustus G. 4, 221. affluxisse numerum comitum 837 91199199111111979.
nimbo· AE. 3900911191 2,799 upumuoreG 3, 703
737 9971117,770.0,243.1119191-1791119191 nuno 'discrimino
ω1991192,912.12,140,191 99 10’. 947 ’1704 ’171101170οὢ4 974
1119111191017919991 9, 979. 1991911, 979. 2, 922, 339 61310010100711, 382
11, 997. 99911919, 747 11191110, ’142 , aggerat cadavera ’0. 9, 993
’ Ε191999 1911. 10, 99, 0 2, Α111991111114,97 100171 4 127. 11,’ 34..
120. AE. 4, 491 41119991, 09 91919111979 ’
17119911 11, 99 11119191, ’1, 9313. 3. 724 2730799,119.7.127. 169. 9,
ι191113,69,6.12,247 199914, 949 ⁴3 766. 11, 3991190. 12’
AEtnuG 41791773994. 974 Agamemnonioe phalange· 9, 449. 904. 1191191, 712. mu-
AEtnuG, ’419 1911111110,14411ρ917,7.109
ὣ1111919,’440 1919911999999,999,1919,94 1102 ΙΙ, ’.212 19911119, 44.
1111919971, 979. 7, 799. 11, 1919999991914471. 7, 729 7, 9 11799. 279. 197911
263 1919111111, 0, 99 complent 1911110, 997
, 37191910 l, 472. AE. 9, 972 ,19991999971012 1719119192. 409. 11. 70, 704.
.9191111, 230 170999911991910. 1, 492. 4171111199, 990, murorum
ι 19119119 10’, 29 1919111913, 0, 723. 1999191 10, 24, 9119110. 0, 394
1171911119 1’,9091 ln 11919191 12, ’.70 quidqu? 1,,11119119991919091109,
AElolus 11, ’429 4 393 12, 496
affl. Gh'ffi QG& nAg0 1111181914Ε 1439 Π d' ιιξῖοιὲἶὲιω 111911 2, 341. 19
19. m 1191111
790927 0 79910, 472’ ’17911110 1, 79. potump 99· aggredere 99991112 4, 40
992. 11, 429’ 19111. 9, 24 ngeAE 9, 931. aggredmr 919 111999111’11.9,
9199792710 0,.,43122 0199999,943.9’.91903. 103
499909.,’.94910,447.11,42.91991991,93.312,.707 aggreGm jacentem G. 4,
99297 9111994, ’999. Gn ages, 404
avum 0.9.100,4, 19412, 992,9..390119919959”7’,7,93 1991901919911111991119119111
7.779. 2,’900 1093239, 11991 9790 41401119, 111339 111919019111392

11, 992 799 7, 97 9111191997 420’ 1931901191 0191194 923997. ,

notham (7111199911,3.92..,,04929 99190329

99191191. 3, 402 190 ,191 age AE. 9, 9209 aggressu 119111 1919191114,
19191111 01919 111119 921 19 rgo 93. 199. 9, 90 10, 479 .

1911194424 2411199 9,462’.4,229’ 1 571991111319491191111111
ΙΙΠ12,7763,193.,.9399, 9648 79217911987 ”ΙΕἪ2493119119191112.

1’7, 032 1931919110919 cilum 9,
17111114, 990, 194937, 1119191999019111 0119911 994

941.939’.469.9,911.’.9.99 11349 171911111ψῶ qma, 91.

 

