64 mnu

2731213 1611611116196 432 3,391. 6,141.1,44
46611611 G. 1, 245. 4, 333. AE. 46111616 G. 1, 60. 4, 4413. AE. 61116111.1,22.111161611’166
6, 669. 6,111 1, 1111. 16, 1691111111. 161. 11, 161. rm 6. 1,11. 1111111111 1,
833 191. 316. 582633 658822. 15
661611111661114.635 {longino tior 16616114112. 461112, 133
66111116616611119, 70 ero 16 1611611 verri 614 hor 464111 E. 5, et. 49. G. 1,131.
6611611111116116 G. 2, 414 neptim 4, 339. notio eunto 296. 413, 2, 121. 314 311.
fluvit 1, 136. AE. 1, 607. 3, populis 4, 624. jungent, so· 1166111211111
702 cient pacem 7, 546. juoge 444. 445. 5, 774. 6, 74. 131.
41111111 Ε. 7, 66. G. 3, 445. AE. 8, 66. rumpent 8, 540. jon· 284. 8, 277. 368. 12, tre.
4, 489 gabant sanciebant pacem 8, 766
661168. 1, 272. AE. 6, 384. 7, 641. 1166 mihi tecum pe 1· 4611611116 G. 4, 191
341. 36. 494. 8, 31. 93. 11, 14 10, 902. 666161 16 3111- 4611111614,171..41.8,443
56512,256.886 361166116112926161661 46611161,176
fluviorum G. 1, 482 11, 330. qut fulmine 166611 461116 Ε. 3916431313
661161Ε.5,76.6.3,77. 142. 12, 200. 6161111161 1116111, 489. 8, 76
16199611. 11, 161 11, 111 fontem 6116611111.
fluvium G. 1, 106. 4, 442. AE. soedere G. 4, 158. AE. 1,62. 149
6, 116. 119. 1,111. 666. 11161169. 16161. 11, tomes 1. 1161111111.
111. 691. 611. 6, 196. 616 166. 11, 166166 1161111166113
6611111 8, 66. 77 sederis 11 , 321. 12, 496 4, 18. 376. AE. 7, 611. 11
fluunt 611 regie 1111111114 11, 46616166166111111161611613, 181
196 116 , tontibus 6. 11611161,
66111 Phrygia 161 noe-ne co· 4166111166 11, 392 243. 3, 131. 428. 16. 113
611661 vertere tundo 10, 46661666461111616 5,496. 12, 466111 4, 512. 7, 15914331
88 290. componite 10, 15. 816
116111 euro (1.2, 166 4611110, 164. concipe 12, 461116 461 cineres 11181191,
466111,176.3,378.111.3,178. 13. conceptum excute 12, forcipe G. 4175619133
5, 660. 7, 680. 11, 212 168. precantur 12, 242. 16· 12, 404 ,
4666 616 6666161 G. 4, 48 1616 12, 314. reposcite 6161· 4616 1, 236. 444. 4, 229. 1133
rocos 6. 6, rac. 9, 11. 11, me 1161116166111116 116. 1, 166111. 11111
116161 11, 611 torento. 1166611111 ,
1661116116 16611161116161661. coo , t
16111 1, 19 1,61.111.116.1,6.6,116. tores mm. 1111111111ΙΔ ’
tedere 61151111 1611116 G. 1,1831 8, 408. 11, 705. 734 verb. 611618, 130
1111116111 1616614441 4161616611 som. 661. 16 11161111 toret 3, 417. 6, 398. 19133 ’
4666164661661151116161616661 611 2, 584. nube 12, 63. 614.11,586
1416881 nent. plor. agmine 11, 4611116141.2,461.3,95·31,33’
todire humum G. 2, 468 663 239. AE. 1, 449. 505 1119,
41666661 1161646111. tellus t, 4166116616 curaeque 1111666 7, 286. 634. 8, 1962121119
6711164. 11461.ρ1661111166- 345 461616 661111121114169933
16111. 6, 698 4166116661 monus 7, 806 3, 52. 61. 3, 591. 41193
1166611116 1161161661 1111661, femineis plangoribus 2, 488 2896661 461611 11161191
frondibus 61611 (1. 2,446 4166111166 6161616 4, 667. 9, sitque 11161111 (1615- 13.
4166661111 AEgy 1616 4, 291 47766616616116 11116511 dum 166 1166111111 .
[recondis 161563612325 41,782 11, 71), abt. 6616111114·
16116166616616.1,696 foemineum more. 6111661661 1761661161726611161691
46116 nom. scm. Dee 4,195. 11, 878. nent. 1661119142 1111161496161111111913,3
neret. 611111611ἰρ1 3, 244. 41661116 G. 3, 321 6616661661 6116161619
6161116111 7, 619 41616 nom. ]61116161116166111- 61166166161666169113
fredum tempestatem G. 1, 61 AE. 22386161. loce 12, 275. prostent} 11113
323 461661156116141111,61 7, 483 superante 1111113
41611161 unguibus 616 ; pecto· soetre 16666 (1.3, 176 8, 208. vertitur 6111 9133
1161111111.1,613.11,66. 4161661 1111161661.8,630 6316111111435 ,
¹2· 871 416111 graves E. 1, 50 161616111111116 16 1111 34
41611661 66611616 661611 3, 4161111618.1,82 formabis ed etodium 1149
227 116111 16111111 4, 139 61661116161166111111113131 ¹
4611661161 ignee 1116361662, 41616 pecori E. 3, 83 163 t
602 41616 G. 2, 69. 390. 429. 517. 4611611366. uter 1
41661164611611156116611116111111 Ε. 6, 207. 8,82 l, 27. 7, 433· 81393 . ff 1
2, 55. terro 16166161 3, 4161661611 12, 170 6,e93. 11161666111191
331. in putrere 611661 12, tmpurpssgregem euppteverit Ε. 188. ptor. epectpolfis, 21111
mm 84441 1
,retesti sunere petrice 1111161 1611161166 6161 G. 3, 62. 4611113161 113111· 1661161616193·
1, 169 16161166661166191. 1, 116. non 1651811119
16116 ora 61116 1, 111 116. 116.611.111.111.1, 1111111614 · 113

seravit vultus 1, 166 roe. 116111. 111. m. 1, 61, 19111114

 

