0117108113. 197 ,

11111166111111111,119 12891 (1.1,4261661111111116 18.
11111111 111 renideret 111. AE. 1611611111111 8, 766 l. 161. vetii pectore 1111111
ὅμως 11116611 1111111 1111161 7, 12916
11111111 1611116116161611 11· 639 verubus G. 2, 396. AE. 1, 212.
gentes 16111161 G. 4, 83. ior· vertenda 1111116 11111 G. 1, 6, 1113
cipe 11116111 4,176. 16 111· 179 11111616811111167,666
1611 11111126862161- vertentem iumine Ε.. 8, 438 verim conj E 1, 26. 9, 2.
eipe 1111111118,463 1611111 16111111 G. l, 2. 147. 36. (1. 1,417. 3, 663. 4, 88.
166111166111111611 11,661 111161111111111111 11111161 2, 147. 21111. 496. 443. AE. 2,
1111111661612,68.11,764. 33 [11666116 1111611111. l, 611). 3, 448. 679. 4, 693. 7,
66111 domos 7, 336 628. secum 6116611 2, 662. 691. 11, 687. 12, 832
111111 verb. 66111116 12, 664 66611111116111613,146. 11111111 adj. 1161111118,332.11-
111111 adj. 16 1111611 puppes se 11111 111 116611614,466. 1161111112,436
10, 263 116111 11116 4, 489. ab imo 11161 numius 6, 466. amos
1611111611616111 me, 661 6, 816 1111164911661· 1111111111,892
111161 ignem 16 ossibus G. 1617, 112. jussa 10,36.111 1116161761166162, 168
3, 268. 6611 pectore 6611· 11116688.16116112,826 vesane 111111 18. 9, 349. 10,
111118. 1,667.11111116111 per 1661161111111111611111111113, 724
omnis 4, 286. 8, 21 66161 148. 111 11161111 11661111 3, vesano 1111111 111, 683
iu 116616116663. hue 11166 366. 61 hostibus 11111611· AE. 161611111166111 frondes G. 3,
11661616611611111111116,468. 19, 693. vocem 111 116161 176
Daseia 6, 466. intermunus procelle li, 798 16161611166111111111111116161.
11 61161111 guisum 8, 619. 1681111661 11 61661116616111 6, 667
111661 6111111 9, 747. 11- (1.1,21911661711111 AE. 111611611611 1,646. 3, 339.
66111 qnos possit 661111 116. -1, 211 1161161111 3, 621. tergo 116111
19,Β6.11611111111111166 111111111611111111611111616. 8182
1611111111,669.11111111111- 4,411 vescumque papaver G. 4,
111611 1611161111 11, 763 111111 nobis semper sublimis 131
versemus 6161 1111661116 Ε. 1,242 1111116]11611.2,224
16,68 11111 passivum 11 1616716111 1611111126,86.(1.1.261.461.
11111111111616111 AE. 9, 686. Ε.. 2, 626. regique 7,191. 3, 336. 4, 186. 434 474.
6196111612766. 1116111 equi memet in 61111111 7, 399 AE. 1, 374 8, 289
10, 673. 1111111116618. 116· vertice (1. 2, 291. 3111. 481. 3, vesperes, 19
11111 6111111111 12, 462 11. 4, 52918. 1, 114 163 7611611. 1, 498. AE. l, 292
versibus E. 7, 'zi G. 2, 42. 492.2,629.682.3,679.4,162. Vesiae 2, 667. 6, 744. 9, 269
386 iss. 247. 446. 698. 6, 444. 91111111 G. 4, 384. AE. 2,
versicoloribus ermis 111. 16, 769. 6, 779. 896. 7, 667. 296
181 174784. 81311361. 611. 161112,711.4,618.68’1 5,
111111 bidentibus G. 2, 399. 6111112731. 1111872311. 179. 6, 369 406. 646. 7,
frontibus 16161611116113, 270. 7111. 11511111. 683. 167. 8, 712. 19, 639. 12,
2411111111 3, 31. Aquilo· 12, 493. 684. (1661111611. 169. 699
nibus 111. 1, 391. 11116111 2, 449. 61111 AE. 1, 226. 11111111 4, 139 6, 619. 685
116161118, 210. Touesis 10, 1111 2, 398. 61661116, 36. vesteis. 8, 38 AE. 6, 1172
612.11161111,93. 1111111, 1666 16111 esuries 11, 161111 nom. G. 3363 Am,
287 642 639.6,112. 7, 248. 111. G.
1111611111611.1,98. 6116161 1161116666611111116616111116111- 2, 464 AE, 3, 483. 4, 648.
AE. 3,448. nomine 7, 777. 6616616616 AE. 7,4117 6, 221. 7, 349. 11,72. 12,
1111111611 equore 16, 268. 111166611111611111111,237. 769 826
1311116116412684 1111661111111 1,266.1111116161 vestibat 611111 genes prims
1111611161111 (1.3, 126. 26111- 166 pectore 6, 191. 9, 718. 6611 juvenis 8, 1611
161 AE. 11, 264. 1111616111, se 16116 611 7, 328 agmine 1611111616 6, 676. 7, 181
629 11866. 11, 734. vestigia 10, vestibulum G. 4, 29. AE. 2, 469.
11111 Ε. 6,1. 10, 6941. 3, 646 6, 273. 666
339. 61. 6, 119 11111111111111111166116,833. 1111111 agnos ssndyx 8.. 4,
111161111111661111111 (1.1, munera 16 1811111 11, 46
666111111111211161111111- 282 11111116611111111 AE 6,146
soi-maium 8619616111· 11111111 6111661 2, 266. 6166 1111111617111111111111111111111
111111 distulit ulmos G. 4, 3, 376. 1111111 septime 6, 12, 667
144 626. Turnus 116. 7, 784 11111111761116111 12,467.11-
111111 E. 6, 2. 8, 21. 26. 31. 9, 29. 1611111 6111 9, 646. 1611112482
36. 42. 46. 6167. 61 non 1116 661611176661616 vestigavit pestes spes 12,
vertamus 1161 AE. 6, 23 19, 629 688
11111111,6661111111611666611 111116116161116,686. 1111111 vestigemus 61111111 geniis 7,
1161611111,671 Μ1111617,726. 6111111111, = 132

111111, guod 1166 beni 161111 166. equos 16 menie 11, vestigia E. 2,12. G. 2, 462.
1. 9, 111 111. 1111111111. 1. 1,
11116 11 11611611 11611118. 1111111111 speeies 1111161111 711. 768. 3, 244. 669. 669.

 

