0? WORDS. 183

436. 9, 808. 12, lffl rem 1110 110611 9, 206 111111 6, 1. nox 1111 polum
11111011 Ε. 1,30. 68. 7, 36. 70. 110611116101 in ’11111111 G. 2, 6, 721. oculos 1161111116,
(1.1,11.111.1,111.111. 111. m. 1, 111. dea noe 1111111161111111111·
681. 666. 4, 11011361. 1, mem 6, 618. auree 1111111
623. 3, 309. 4, 627. 6, 409. 7,287.1111116111111111161101
8, 414 11, 276. 303. 469. 1111110118,194.100111111
170183 nean 1111111111 juxte 11
temporibus 61111111 penem un· 8, 868. Capitolio 8, 663. 61·
11111116.1,268. geminis eo· 11110161111111101111601111,
pilis AE. 6, 416 amplectebatur 9, 260. onm-
1101110111 6, 746 Tartarus 6, 678. 1111116111 7,
tempus E. 3, 97. 4, 48. G. 1, 7. 1116 1111 11161161111111111
213. 263. 3064 ,2, 89. 9,.165. 101611110110,412.
642. 3, 284. 4, 283. 1112, 11611111 11111011 10, 671. 673.11111111116111111111 11·
268. 324. 622. 4, 433. 476., 1101111116 1161111 10, 067. 16 dieo 12, 773
6, 638. 6, 37. 46. 637. 7, 111111111111111 11184611 tenebis 1111111611 vinclisque
611. 9, 395. 10, 11. 441. 1111101111110111111111111111 correptum G. 4, 406. 11111
467. 603. 612. 11, 2. 12, 96. 11, 494. doxtrum iubenti 11161111 AE. 10, 741
166. 61 1111111 11 hoste 1111· 11, 672. 16 116111611111111 tenebit 1111111011 81111103,
tompus 1110111019, 418 12, 196. 611111011161111111 16
111111111111016.2,421.11111 12, 679 tenebo 01111611111111111 fleto
4,161 tenditis, 1116 tenditis? 6, 670. 2, 40. 111 11 suspensum,
110111 areu 1, 179. 1011111114, 8,113 8, 781 1111 6111722
176. AE. 8, 463. 12, 404. 11160 16 1111101 1111113, tenebrae G. 1, 248. AE. 9,
dente anchore 11161611 170 884
novusne 1116001 ubera 6. 3, 396. 1111 tenebras 8, 691. 9, 34. 160.
1110111111116.4,67.1111111 singultu 8, 607. 16 littore 11, 187
4, 412 1811115, 11113, 268. supe· 11016111 medio 011111 G. 3, 401.
111111 opprima 61112, 134. 111110100616611111111116 AE 2, 92. 6, 734. 7, 326.
6111 pravique semu AE. 4, 116110 6, 256. 11111 7,164 8, 269. 668. 11, 824
188 11111111 per dumos incedunt 11016161116161011166.3,661.
11161111611111111,414 8, 696. expellere 10, 364. AE. 3, 196. 6, 11. 6, 238.
1116111,1116111611111110116, 1610011111 11,871.11111111111 646. 8, 266. 9, 426
489 12, 663 111161011 nom. sum. pelusii,
111611 remos G. 3, 333. qul tene 11 optimu 11111 serrum 107
111116111111111111 6112, 12, 778 tenebrosum 1611 6, 839
y 917 teneant, qui 11111111 lemures tenebunt 1101111 1111011019,
1116111101 11 1111101111 10 G. 1,308 11111110111111113, 98.11111101111111111111111111·
4, 406. 11111111116114, 686. ultum 1111 6, 164. ni 111 11 insul
636. ulterius ne 11161 06111 11111101 proprium 61111 5, 110160 2, 203. 266
Ε. 12, 938 230. mere 8, 149 Τ101601 2, 21
1106111101 munus 6, 314 tenent 11101· ito. Ε. Β, 89. 1111011111111116111 116112,
11061611111116 neven 1, 666. arbos 06111 6011111111 G. 4, 369. 111116, 744
611 1111111112, 29. lulum 24 tenendum 1111111 G. 2, 371
1111112674. legio 11111111 11111111111101 1110116111 11111111111111 1161671011
8, 60616 Messapi 101101 131676 1, 477. 611111 1111111111 4,
9, 361. 11111111 10, 696. 16 tenebam 1111 6, 368 60. 11116,614. 11, 659 11·
muros ll‚99. 611111111111· 11016111 0111 intenti 2, 1. 11· me 7, 784. 8, 299. 9, 29
mem 12, 311 ue 2, 209. 6, 477. 1111111111 lenoni omium 101111 quin 11
1116111111111111111 G. 1, 613. divim 2, 617. 11111111 2, (1.1,2331111110111611111111
61116116111111102,269.1111· 767. obsessa limine 11011ιέ leti 11161111 2,12. 0111111111
01114, 498. AE. 6, 233. pnl- num 2, 862. peteres 3, 366. armentoque illum regionem
’ 1111161161111,93.16111· 1111111116, 169.ν111111111111 2,144.111111111161111111·
11111113, 362. non 11111111
neven AE. 1, 169. posteo
2, Ι190. 911111111616111
n: 11111111
6, 826 11111611 omniu 1111111
6, 131. 1111111 loun 6, 434.
1111 contre Minervam 8,

reguum gentibue 1111 l, 22.
gressum 16 11101111 1,410.
11111116116111111111 nodos 2,
220. 1111111 ed 11101111 2, 321.
iiip'ilnmi'lildiili ’131

611111116641. 1116 um 111
pum 11,903.1110111111 go-
1111111 Ammo 12,66. 101·
1110101111 flammatum 12, ,

1111111112405 60111 omnemque 8, 204.
tondentem 1111011 1, 487. 16· ure 616118620. 1111111111
vorsum 6, 684. 100111 9, 101118, 603. 111110 8, 667.
768 110111101011111011111101119,
1116111111111111 1, 664. contri 183. conversi 0111011111111
6, 21. 27. 9, 377. 796. pnl- utque ont ll, 121. elin mm·
1111 6, 636. 12, 936. qula 1111 12, 706
1116111 pergent 6, 198. 1111 tenebat dum 111 61111111 Ε.

pennis 6, 240. 6106111016,

696. 16 indos 7, 606. 1111·

11111 cornu 9, 606
11161111 11111111 10, 621
1116611110 Latium 1, 206
11161116 61010163836010·

1, 32. 11601 pomo G. 4, 790.111111111119,169.101·
143. 1010 6101 oeulos AE. 11119,470.1011111111111110,
1, 482. 6, 469. ditione Cy· 301

prum 1, 622. 0011110111 11 11111111111114,219.1110111011
nimbo 3, 687. immoto lu· 6, 168. 1111116436. 11 mo·
10111 4, 831. medium 11111 111·1111116117,204

 

