92 1111131

687. 6, 180. 979. 7,110. 799. reveneris 11116 AEneu ὣ. 0118. 4, 4831188067.
61111111. 1, 111161. 615. 16111 6161011111116,
6708113. 1016. 119. 116. 1610116661 6666 qui 1611 9, 836399. 10464. 1186. 11,
606. 19, 141. 504. 666. 796. 496 7, 636 616713. 149. 975. 617
806. 864. 896 16111111 G. 9, 474. AE. 1, 698 16161161 G. 4, 477. AE. 1, ³21.
1616 G, 0960. 9, 6111. 4, 669. 161111161.6114.11,196 6919348. 6, 8110. 7996,
AE. 11111416, 607, 731. 9, 1611111161 6, 690 808. 771. 8, 973. 9. Ἦ. 51.
167. 541. 3. 137. 4, 97. 6, 1611616116111.9,961 163. 674. 10, 178. 618.
rae. 7, 946. 8, 670 161161 hymenaeos 3, 69 837
11111111· numen 6111116 paludis 1611616 numen AE. 4, 691. 161661 3, 611. 0179. 6,446.
6, 894 [16166116611161 111, 11 9, 88. 10, w. 11, 76. m
juravi exscindere geniem 4, 1111161 1161610600 897
496 16161116 19, 164. 999. 944. 449. 1616610661 6116119, 618
1616 11111116 9, 649 468. 477. 798. 870 juvenis G. 3. 966. 4, 860. AE
Jurgie Codri s: 6, 11. 111116 1616166 10864 0841. 0331. 6113. 6,448
jactas AE. 10. 96. 666116 1611111610111814 760. 9, 16. 664. 8116. 10,
mee 11, 4116 juvebit 11166 61116 meminisse 446. 793. 11, 166. 680. 712.
111111 1611161111 7, 4119 1,9113.6111161161111116661 ui· 766. 19, 9
1616 marie 6, 361. persidem, tricis 01116166 9, 586 riis· juvente G. 3, 437. 4, 666. 111
91111111,111.1111 1111111111111· 11111111αρν ⁶⁶⁹· ω·
⁴ ι · · 1 · · 1
0811111611161, 116116,1111616 cecidisse 11, 168 1616616 1, 600
19, 197 1611116 opibus 1, 571. 8, 171 juventae G. 3, 6³. AE. 6, {m
1111 11661111111111616 regi 11, 1111661 666 omnes 11116116 E. 1616616100479099181,
359 1111111 1611 concurrere 096166161161616 11116111 467 690. 9, 63 394. 3, iffi
19. 316 6, 83 quid 1111161 1161 bene· 4, 86. 130. 169. 0134656.
16111111 3, 41. 111 1, 77. 809. secie G. 3, 696. quid 16111 7, 3411. 819. 8, 646. 9, Q.
01111. 3. 114. 6114. 4, 906. furentem 16. 4, 66 10, 606. 11, 419. 468 .
116. 3111. 166. 111. 1111. ,11111111 16611 Juvenum 611115 1111111. ¹
6, 176, 9, 804. 10446. 19, 161111116611111111611111111, AE. 1. 407. 9, 856. 6, 499
877 96. nidos revisere 1, 418. 663. 06. 9, 173. 949. 800 ,
1611116111111161611116111. mori 11166111 Baccho 6661616169, 786. 10167. 397. 10818
3, 898. iero 11616164, 7113. 37 speeiem 9, 487, 1116 19, 988. 399410
mut 16616 04116611 tenet videre 9, 438. ducere pom· 161616 neque eum in 16111611 1
10938 1161111 (1616111113,93.11616- canius somniferi 7, 757.

11111116161161111116 1111111161 ξ113,9921161111116.9, 616111116111616611161111110 1

6116 10 999 7. 11161 ie addere 116161 890

jussere 4, 846 1111116169,661.16111161161· juveris 111-11111611. neque 11161 ’
jussi plur. 708. 3, 661. 697. 16166616119,776.11116116, 1611116 1083
6, 884. 6, 91. 0166. 111611 135. evasisse 161 611161 3, 1616611111116111161116166616-
necue 66 16111 iaciunt 3, 989106166016161616611116 1614, 678
986 611164,638.11616111111111111 juvisse 1161616166611111111110
1611111611 E. 8, 11. ingentibus 4, 660. 16116 signe 7, 698. 84
AE. 7, 911 convectare 11166111 7, 749. 1611111616111116111611116161161·
161111 E. 6, 86. G. 1, 130. 4, 0613. 16116 111161 9, 614. 11 juvit? 1066
446. AE. 0186. 0169. 7, indulgere choreis 9, 616. 16113611161011111111111119,681.
498. 9, 938 19, 864 1161611161 1611661 10, 984. 714. 3, 99. 671. 6, 606. 7,
16166 equore 6611611110 Socii 16 adjura! 10. 411 649. 797. 8, 308. 11, 479. ,
10444 161666111666111616 04768, 16,166.16111161616,111, ,
16116 verb. pro 11111116, qui 16410991 61 juxti 661661 Euryalus 9, 1
1611610467 1616116611.8,9.(1.8,919 1711. 1161161111611161619, i
161161 asperge sapores G. 4, juvence 9, 876. 8, 163. AE. 19, 399
69. 6116161661 honores 111. 3, 718. juxte 1161116 Ceraunia 3, 606
647 1111611611 G. 1146111 6666114,966. 1166610661· ,
16116 1161 9, 947 juvenci B. 9, 66. 6, 46. 7, 11. 111 4, 480. 1116111 4, 617. 1161
jussus 111116 hebenus 1111111 61 4411 1,16. AE. 5, 477. 8, 0480111611 stetit 6 469.
sciret 063. confundere? - 719 quem 1611616 6111110816
1111104911 16166611 G. 9, 906. 987. 687. 1661161616 7, ,1111618166
1111111 eii. [11111 1161168. 1, 4, 984. AE. 8, 947. 869. 6, 1116610416
36 399 1116116 6, 6111
161111 im 16. 10, 716 juvencos G. 9, 367. 616. 091. ixionii 611111 (1.4, 484
justior quo 61161 neo pietate 60. 160. AE. 6, 97. 101. 947. 1116611038
1111 1, 144 1, 16111
161111 pertibus 1, 608. 161111 juvencum E. 8, 86. G. 8,
66116111Ε·161168,494.111611 618. 111. 6, 366. 9, 1197 L.
16111166616111 111, 96 ’6166606161611661616 9, 609 .

16101116616116109,460.66- 616666 E. 1,43. G. 1, 600. Lam AE. 6, 433. 19, Ui&

 

