03 wottns. 1139

1161161616 tempora raptis 6611- 1901 9, 39104525111. ffg 1161616161 1111166611 11, 369
116111111116111111111111111111166166111 1161 4731 Ἓ9. 11831893. 19; 1111111115 51, 311191 1113111151
61111161 111 marn nummu 19, 577. 584 ista 11111 tempus spectacula
595 portus 11611. 11611616, o tem 6, 37.1661611116611611 16·
116 utet 61111111 G. 4, 511. hospita 3, 539 · 661611 11, 71. 111166 16 9, 84.
11611116 55134 . 1161111116 166661 Ρ61161614, 11661111111 1111111169,594.11-
9113169 99 99 ,555 1111161 ,1111111
11611616161661118,985 11111181 MN). 5, 566. 6, 911. 19,888.1616111166611616161
, 11611611 (1.9,495 5119. 4,911. 9,50.11,758.19,519 19467
AE. 3, 58. 4, 615. 6, 7011. 7, portans 61611616 11, 981 . posen 1611111111 166 11616161 1,
1115111133· '⁰’ ²⁰² 11111115113,13ἳ13111 11513311131111
1161161119, 566. 4, 694. 7, 947. populo 7, 8tt 1161661636 Olympo 8, 533
8, 686 116116666161, 11661 portenderet 1161666116116161111611616611116
61111111 11119 1111111111 11
116 6161 G. 4, 5. 569. AE. 1, 1161161116 8, 533. ll, 971. 116- 11611616 7, 584. 1161116 numina
111 Ξρῗὲέὲθέξῐῇἐ ΞΞΞΪ ,6111111111111111616666 1111111117 931 (11111111111111111111161111111111111
, . . ., . ,ι ., ,1.1611661616661-
,1311151515 ,5. 91353 3113115 11111191616111
1161111111116111511111 Ε. 7, 61. 66. 9, 1111,11111315114199111119111.1 111 193. 11611111116111. 116 16 4, 681. 61116
11611111111111191,1119119 1111 1111111 1161111161 01611111. 4, 539. Cbn- 1611161111116161661161 1111116161-
11161111ἓ11161111111111 11666111 8, 974 1161111111 111161111111111116116 10, 11111111111616111661116111 1115111161111
11311111611111161111111111111 161111167616666666616. 161111111111111161111616116116.1,.
116116616166116611116166818. 5, 943. 7, 139, 901 1611111161 9, 354. 6611111 3,
9, 589 A portum G. 1, 303. AE. 1,159. 348. exuviis 3, 437. 5159,
pernicium 111 9661616116 6, 194. 6, 960. 7, 7 478. sagittis G. 4, 344. 1161-
938 Portunus 1161615, 941 111 AE. 1, 931. 61113, 404. 111-
116111611 in 366161 6116 6, 1161161 G. 9, tonnano. Ε. 1, 66111116117,969.6161119,686.
776 497. 3, 10. 194. 919. 954. 1359161111111161 1189,
116111111616611161 6, 597 989. 389. 530. 633. 5711. 1161116(1616161660.9,14,661··
116116 5, 600. 6, 711. 9,, 676. 707. 4, 588. 619. b. 1616166 518639. 11611616-

190 613661. 619. 813. 6, 1161· abjectum 111161 19,

Porsena 8, 646 366. 7, 99. 598. 9, 93 ⁴ 36

porta 1, 83. 6, 559. 61611 G. 3, 1161666161 ventos 6, 59 positum 116 111 616616 linquunt ’
961 116166111661618,640 juvencum G. 41303. 6611111

1161161161 11666 regia AE. 1, 1161661 1116611161 oracula 3, 111661161661 AE. 9, 179.
693 456 66111619, 644. 11, 30

161116 9, 97. 949. 759 3, 351. 1161661 quem 111161169191. positura 11166 1666661611131
6, 574. 9, 176. 938. 570. 687. 611116 7,340.11116161 sibi 116- 7, 199
7461111111 6166666161 1,994. nores 11, 919 116111611161616116 19, 898
166161 1661 gemtum 6, 893. 116166 deos 1611111111 4, 50 posse E. 3. Μ. G. 6661. AE 1,
1661111161661 1161661161 11111 honorent 11111161 38. 9, 177. 657, 4, 306. 5,

portum 8, 338. 9, 183. 675. 6, 689 931. 6, 597, 8,90. 196. 953.
794 ι poscens omnin 16611616 11661 561.11,703

portanda 1161161 116111 mandata G. 3, 456 11611616 10, 016. 19, 880

, 9, 319 poscente 66116161611611611611, 1161161110. 9, 343. AE. 1, 368.

1666611611616166116111611161 198 ⁶ 9, 999. 6, 900. 9, 513. 19,
0. 4, 694. 1116111 111 11611616 poscenttbus 16111 AE. 8, 477 771
“ AE.1,65. 11111 tristia somnia 11616611 6661611·6111611411,414. 1161161 10, 879
5, 8110. illm 11161 16 in 1166 nic ventos 5, 95. 11116 6, 46. 1161161161· 616111 Ε. 9, 3
11,544 5666111111616167,973.1’61· 1161661111. l, 413. 5, 807. 11,
portant 1611116 4, 941 111116111ρ161168,614.611661 155 .
1161166161 munet-n 11, 333 9, tn. 11111 pretium 661161 possim G. 9, 483. 3, 8. AE. 3,
portantur 61161 1, 361 Potina 19, 350 338. 6, 697
1161161661 9, 335. 833. 7, posceret 11616 16161661 ordo 5, 11611161610.1,351
,1111116116616 1111. 1 ,11111 1161 re m 1, 11. tn 1111111111 1111 111 1111 ¹⁰²
2, 619. 6, 631, 7. 617. 6611661166 61661611,991 1161611 0. 9, 996. ΔΕ. 1,676..

 

