66 “ mnu

1116166161 6116. 6,616. 6, 161. 16, 6666666661
16111166 AE. 6, 690. B, 427 692 1611616 G. ³, 246.4,266. AE
fulmina G. 1, 329. 4, 170. AE. funalia 1, 727 1, 232. 2, 234. 361. 26111.
4, 208. 6, 842. 10, 667 16661 nom. verberat 61666111 618. 6, 874. 7, 42. 642. 8,
161616616666116116166111.1, (1.1,141 671. 9, 486. 696 10, 602.
370. 0616614, 661. 616116 166666616661161666166Ε.6, 76611, 366. 422. 646 12,
61666661. 12,664 4 383629
16161166 G. 1. 283. AE. 1,230. 166666111661116661116166β11 1116616 116, 20. G. 3, 263. 111.
3, 678. 4, 26. 6, 691. 6,681. 1611661 36166116 16111616 (1.1, 2, 639. 4, 3118. 6,169. 429.
1, 711. 16666. 916 ’166 1,666.11,1.66.166
1616666661 61166111 4, 680. 9, 1666661 6616122586. 11, 166616466σῖ
442 679 1666166616666 7, 337. 11, 143
1611616666 6166116669, 812 16116661 6616. 1166 E. 6, 71. 1666116 6, 468. 610. 11, 189
fulminis 2, 649. 6, 319. 9, 706. AE. 6, 238 funes 4, 676, 6, 773. 8, 709
10, 177. 11, 616 16666166616 1, 428. 2, 611. 4, 16666161 116616 7, 322
1616616 ignes 4, 167 266 fungar munere 6, 886
161661661 cingula 11111111 12, 1666661166 61116616116666661 fungos G. 1,392
942 66616.4,161 1666661 3,62.9,491.11,63
fultos 666166 8, 227 fundantem 61666 AE. 4, 260 57
1611616 6666111,39 fundasse urbem 6616611 7, 16161616616666616616116116,
1611116 16166 hyacintho Ε. 6, 410 846
63 166661 humi corpora 66116- sumtu sm. 6666 66111 7,
16116 soem. 6161661116 166616 16161193 283
AE. 8, 662. 66661166 11,642. 16116616 sedes 611116 8, 478 161666 G. Ι, 264. 2, 369
666116 111761. 6116611116 16666161 7, 678 161616 3, 407
G. 4, 408. jaspide AE. 4, 16666161· 66666 6, 760 = 161666 AE. 1,491. 2,(1136,
261. 61661 5, 374. 41048. fundebat 66 111116 661166661166 262. 111604. 11, 709. ml.
12,276. 741. 66116116 12, 3, 162. 16116 lacrymans 3, 6111616 2, 498. 11166 4, 69.
792 344. 1166 66161166, 98. 616· 11661166 6,6. 6611616161. ,
161116 1116616 1111611116 G. 3,110 16 8,684 animis Tirynthius 8, 228
16111 166616 AE 2, 722 1666666 amnem 6161 16661166 ’161666 11, 486. 11166 11,
1111116 61116 G. 3, 383 7, 792 ’ 762
161161666166166612.Ι,276. 166666116166Ε.4,23 1616616111 reginam 1161661661
,lumine 7, 76. 6616 11, 776 1666616 lumen AE. 2, 683 1, 669. 4, 283. ende 116·
161166 66161667,ὥῦ 166661 munuscula 161166 Ε. 4, 66161616616 2, 499. 616611-
1611661 leonem 4, 1691161616 20.. 666 uum 11166116 666 tem 4, 66. 648. 1111611 4,·166
7, 279. Camertem 10, 662 umbras 66 6666116111 AE. 1611117,360.1“11616 1616666
11111116 ,16116 6166 12, 247 12, 207 8, 489
1616611616616166 6116 8, 106 1666111161 6116161 3, 636 16166166 6661. 1161661 4, st
1616666 sub 1616616 16616611. 166616 nom. G. 2468 1161616164,670.666. Cen·
3, 616 166616 16111. humi corpora ὢ. 166166 G. 2, 466. 166166 61.
11116661 6116116 Ε. 1, 44. 111111· 11, 666 10, 37. 111661611616 10, 578
. rum 66116166 1,83. 1666 661· 166611 humus 16166 E. 9, 41. equos 12 332
611616 122698 1111616 vietum 161166 G. 2, 1616611 2, 771. 3, 313. 4,2Ἇ 1
1616661661 turbine nubem 3, 461). equus 61166166 emittit 6, 100. 9, 691 ¹
573 AE. 2, 329 lacrymas 16161 furentibus 11661116 1, 51. 2,
1611166166 1611166 7, 467. 66116· singula 161116 3, 348. vinum 304
16 6661666 11, 9118. sudoro 16161661666 4, 61. 1166116, 16166116 sponse 2, 346
equos 12, 338 78.116677666661616666166 1616611116 juvenum 11,839
fumantia 6616 G. 2, 194. 842.61666661166616166,66 16161612,600
equum 66116 2, 64211616 16661161116666610,271.61661 16166 16111· 3,3, 16
6161616 AE. 10, 46. 66161166 11,646 1611616 1661661661666116 AE.'{, ’
11, 666 111111666,136.11,116. 12 ³75
1616666666 611616 8, 417 694 16116116 membru 7, 415
1666161616616111,6166111616 16666 nom. 2, 419. 3, 677. 5, 1611111616 3, 262. 6, 608
6611611, humo 116163, 3 178. 6, 681. 7, 533. 166161· surius G. 3, 117. AE. 1. 41
161666 16616 1661166 6, 693 1616 10, 88 1611611 mente 2, 407. 688
16611661166616 7, 76. 9, 76 16666 verb. 11666 vocem 6616 1611116666 mm. soem. 4, 646
1611116116 6161116 7, 466 sanguine 4, 621 7, 348
fumiferam noctem 8, 266 1666661 1616166 G. 2, 432. 66 161116 G. 3, 611. AE. 3, 331. 4,
1661116166 &gneo 9, 622 11611116 16666 AE. 11,482. 16· 376. 7, 392 8, 206219. 494.
161116 3, 682. 12, 688 16 11, 610. 66 661116 agmina 10, 68. 694. 972. 12, 101.
11111161 G. 2, 217- 4, 230 12, 122 668. 946
16166616 166116 2, 242 166666161 116161 G. 4, 27611116 16116 6616. 6616 161161 2, 696
fumum AE. 2, 009. 3, 906. 6, M, 709 16111 7, 377. 626 10,386, 646.
682. 8, 262 “ 1666 6438 802. ineassum G. 3, 100.
¹ snmufi. 1, 176. 4, 499. 611. 166616 G. 1, 467. Ε. 2, 239. mugitibus 611161 3,140.16·

 

