11 111111.

700 11101111 mene 111111 fluetus? 43
1311111 11110 vetem 8, 697. 8, 849 111111 G. 8, 403
rerum 8, 730. AEneee 111111 ignorate, neve ignorate Lell· 111111111111111113,330
10, 90. 80. 11 111111 80. noe 7, 909 1111 AE. 5, 961
1111111 1111111111 enm 11111111111111111111111110. 1111111111 Polymnestoris 1,
11111111 nove gloria 11 11· 9, 968 603
111111111111,104 1111111 1111111996 Ilionea 1111111111 1, 011
1111111111.. 1111111111 1111111111.
11οὸ ’ ’ ’ 111 ’ 1111 ’ ’ ’ ’
11111111 a 11 G. 4, 909 131111111111111. 1111111111 AE. 1111111 l, 08. 9, 941. 390. 690.
ignavi 11111011 AE.12,12 11,097.101.111111100,871. 3,3. 109. 0, 700 0,04
ignaviaque 11111 11111111· 11 111117161111111410. 1111, 11111, illem, 11111, ille,
1111111,733 1111101011. 11110 lgnole Ιο· 1111, 11111, 111111, illo, lllo·
111111111103111111116.3,408 1119,91.11111117,194. rum, 11111, 11110, 111111,
111ἓ1114ἐ15111111111 4,168. 2ῐ11411111 7, 137. 111111 11, passim, 1111 nulle singulm
. , 1111111
igne 8900 · 13111111110790 illabere 11111111 11111111 3,
ignee 111111. eleg. 11111 (1.3, ignotae 011111 4, 319. vlu 8, 89
489. 1111111 virge 11101111 113 , 11110111111011110119,940,
01.11,718.111111.111114, 1111111113,οΜ lllecrymene 9,303
309 11111ῑί11111 G. 39981111· illacrymet 1111111111 11111111
ignem G. 1,87. 131. 130. 9, 011 AE. 10, 48. 111111 11, 1111101480
140. 3, 85. 944. 988. 4, 330. 678 1111110111 murmur Ε. 19, 619
449.111.1,49.170.060.088. 111111111110.3.78.111111- 1011181111 111 Drepani 3,
9997. 3, 931. 4, 900. eol. 1111 111 pulvere AE. ll, 808 707
0, 4. 041. 000. 0, 747. 7, 981. oignoloe 1111111111 R 0, 40 illaudati 1111111011 G. 3, 0
300. 8, 900. 491. 9, 80110, ignotum 111110.1,00.11· 1111110111 3, 917
131. 060. 11, 119. 189. 787. ἓῖἓ11111011 et 111118. 1, illle 1,04. 09. 947. 901. 9, 471.
1 08119 , ,1110111111111111111011 3,80901.1,900.9,783.8,
1311118.0,10.0.1,991.497. 90911 1111119734 0106
9439111. 1,090.743. 9104. ignotae 111 lio 0. 4, 949. lpee 1111011 vedis 1, 119
970809 070 0911100080. 1111384 11111110.1,009.3,907.19.4,
3, 190. 400880. 4,187. 909. 111111111111111 pereum 449
670. 0, 743 7, 986. 390780. vestm 1, 370. baele 'lego lllyrici equorle E. 8, 7
8, 199. 967. 401. 410. 090. per tempu utrumque 9, 1111111111111110. 1,943
1111111111111311. 111 inin m. m. ,11111101
099. 070. 10, 00. 177. 971. 11110180 11117, ,110111111111111
1111191191 1111 E. 7, 96. G. 3, 007. 01. 7, 9, 713. 111111. 1111. 11111111
ignescunt 11119,οῦ 499. 10, 788 11111111.3,901
igneus 811 G, 1, 403. 4, 496. 1111 0111111111 1111111111111, 1111111 11 0111111111 AE. 0,
AE. 8, 97. 111 ollis vlgor 9741011111 1,908.1111· 480
ww. 1111111 erdem 11, 191111ὃ 0, 9111111998011, 111111ἓ1ὲ1ὁ1ξ1ἓξ,ἒ533ω5
ue , . . . .
lgm 11. a, 11. o. 1, 1111. 111. mam 1111, s, 111 · 1111 11. 1101111, m!
907. 404. 3, 378. 4, 908. AE. 1111111111 1111111 3, 330. 11111111 10, 080. 19, 704
9910. 319. 8111641110, 0, 007 uelem 10, 030 11110111 pestes 1111111 G. 1,181
749. 7, 099. 9, 103. 11, 194 1111111 11111 9,117 1111111114, 11110111111011111011111111111
1111111110. 4. 379. AE. 1,90 9, 40 11111111 4, 0371111111 4, 9, 034
800. 3,149. 4, 384. 0, 940. 64811111 19, 801 illudent 11111 speeies etque
8, 304. 370. 049. 11, 130909 111111 11111119, 431 ore 11111111 G. 4, 400
1111111111 8, 414. 493. 018. 1111111111ρί1 1, 97. 10,330. illudere cepto certent 1199,
710. 10,-143. 19, 90 1111111 1, 047. selle 3,189. 04
mlh ᾆξ’-1661113111 41111 11111911111111311280111 1111111ῃέ1ῗῖ11 1111ῗέ 131111
006. 4,.903. 2119000. 700.Ι 1111111111111111 1, 4113. 71111111 11111011011111113111111111111
1111111111131 11. e, 111. 11881114,11,11111 1. 1, 1111
109. 070 10, 09. egros ll, 900 illustrem 111111 felleque 7, 79
lgnoblle 1111111111 Ε. 9, 38 1· 1111011 l, 480. 3, 00 1111111111111111 6, 708
1111110.4,03.111111 ,1, 11110111 9, 080. 0, 044. 7, 11111110.3,561
141 119 1111111111
ignobilis 111 1110111 G. 4, 11111111,18.0,04.7,1.9,10. 1111111110111 G. 9337
00111111 exigeret AE.l, G. 4,81. 11111111, 199. 110 01. 10, 400. 401
770 0, 909. 9, 3111. 11, 801 1111 1111111 10, 173
111111111ιί111 managamma. 111111 9, 494. 708. 7, 083. 11, 1111 1, 908
3, 990 408 11111 1111111111. 111101 G. 3,
1111111118. 19, 491 11111011 G. 3140334. 10. 3, 940. tellus AE. 09111111

 

