01* 17011113. 131

ι101011,044 1001100 3, 031. 011 0100 pavidam 0000013473
pati 11011011 Ε.0,10. 1111110 , 330. 000 7, 700. pavidi uos 0, 630. equi 7, 730.

10, 03. 1101000000 G. 8, 00. 010000 3, 0 4. 01100 11, 710. magistri 10, 717

111000313300100113003. 01110011,7113 pavidos cerum 0. 3, 70. Ε.

0111001001. 1, 019. exsilium patrii 011 G. 1, 493. 1110, 700. 0, 070. agrestes 8, 349

0,’033.01·101107,307. 10,071. 9, 047 Martis 11, 374 pavidum 00 fingit 11, 406

jum 011000 10, 360. id 0100 patriis virtutibus 3. 4,]7.011- 00011 oves E. 10, 13

est fortuna 10, 147. quid· minibus G. 0, 394. 010103, 00111000 AE. 0, 107

010100101001 010110 10, 340. 111. 3, 090. finibus 1, pavitantem 0, 493. 11, 313

9 000.01000104,001. 11107, paulatim Ε. 4, 03. 0, 36. 0. 1,

001100000010101101010101101010 009. im 1110 7,003 arvis 134. 3, 010. AE. 1,700. 0,

3, 077 7, 7300 10110009074. mu· 030. 0, 303. 7, 009. 3, 300.
0011010 corpus 11001010ςὶ 10, 1109, 733. oris 10,193. 11, 9, 739. 11, 309

904 10110ωο1033 009. 031. 101001οιιο 11, 0001110010,Μο
petiens 0001001 juventus G. 330 00010 010·οη canamus Ε. 4,1

3,470.10010001000110. patrio 1100100 0, 000. 010 0, 00011110 ,3, 097. 4, 049

1110390. noudum Phoebi 003. regno 3, 049. marito pavor G. 1, 331 3,100. AE.

00100 0, 77. manum .7,.490. 3, 097. adyto 7, 009. 010110 0, 009. 309. 3, 07. 0,

11111,11111 9,⁶⁰7. mh 10, ρο101161οῗ1υ117τ1,111150511100 pagg? 1οι· 0, 37. 0000100 3,
patientem vomeris 1010000 G. G. 1,00. Argos ὢ. 0, 90. 100. 0100010019

0, 003 muros 0, 079. vultus 0, 039 paupere genitore 3, 01010111
000010 durescere 00100001 1, Penates 0, 717 0, 311

70. labores Ε.. 7, 401 patris G. 0, 07. AE. 1, 000. 0, pauperiem 0, 437
00111110 inulta 1010001 11, 003. 4, 033, 301. 407. 0, 31. pauperis tuguri Ε. 1,09. 110111

347 317. 303. 0, 110. 7, 100. 3, 7, 34. Evandri 013, 300
patietur 11011100 1101100 E. 4, gwlw’ssgfflm 03311, μέἓίιι amari 110001 G. 0,
01111000 qumque 0000100000 01111001 ’nemus G. 1,10. 110- 0000010 lm, 140

Ε.. 0, 743 1101·οι0 AE. 0, 001. 0111003, 00000101000110,30 ’
patitur G. 0, 313. 3, 010. AE. 031. sermonem 10, 334 pecora 4, 103. 7, 079

9, 790. 10,430 1110000101 1,043 pecori Ε. 3, 0. 33. 101. 0, 00.
patiuntur 000110 01011110 0110 01100 0, 093 7, 47. 3, 10. (1. 1, 4. 003.

mari 7, 000 patrui 0, 400 444. 0, 033. 430. 3, 70. 105,
patre 011010 10οῃ 11, 341 patrum G. 0, 009. 3, 103. 133. 100. 109. 300. 419. 4, 109.
patre 001010 brevi 10, 000. 11, 177. 111. 1, 90. 041. 0, 710. 400111. 10, 719

000 0, 341. 3, 093. 10, 030. 11, peeoris Ε. 1, 01. 0, 00. 3,101.
patrem G. 4, 330. AE. 0, 003. 130033 0, 44. 10, 17. G. 0, 009. 3,

000. 704. 747. 3, 30. 4, ρο100000011011001000,31.01- 70. AE. 3, 001

000 001010 3, 040 pecorum G. 0, 017. 3, 004. 4,
patres G. 0, 473. 111 1,7. 0, 00100100100100110,710 009

079. 4, 030. 7, 170. 370. patuit 1100 veru incessu 1, pectebat 101001 cervum Β. 7,

707. 3, 130. 9, 190. 11, 400 439

404 0110110 fugi E. 1, 1. G. 4, 00011000.1,094. 1110047.
putri 0, 074. 4, 03. 0, 003. 0, 000 7,·14

309. 7, 030. 9, 310. 10, 500. patulis 00111100 1, 370. puppi· 00010100.1,400.Ι11.1,103

11, 173 buu 3, 300. quadris ΑΞ. 7, 197. 300. 431. 007. 0, 000.
patria Ε. 10, 40. AE. 1,307. 040. 110 000. 349. 3, 00. 4, 410. 073,

0, 041. 3, 300. 4, 347. 033. 0, pauca vestigia fraudis Ε. 4, 31. 0, 7. 310. 7, 349. 013. 8, 09.

030 7, 100. 099. 3, 333. 10, 0000100100. jugera 01110 101. 007. 9, 000. 430. 043.

10011. 1010010000. 0,4,1010005100100010 10101. 011. 1000010.

vi 0, 491. ox 110003 3, 013. tibi 0 0011100000003377. 307. 400. 010. 877. 10, 30.

10111 0,003. 00110 7, 190. 0110 1010114, 333. 3, 104. 10, 17. 017. 041. 371

10, 374 pro 10 loquar 4, 337 pectore Β. 1,04.(1. 3, 373.
putria E. Ι,3.0.0, 110. Μ, pauci 1, 033. 0, 109. 744 400. 4, 33111. 1,30. 44 007.

109. 091. 073 3, 10. 0, 004. 00001010110003, 191). 0001110- 371. 430. 501. 007. 717. 0,

0, 313. 303 3,οΙ1. 9, 730. 1010130. 01100110 docebo 107. 033. 474. 3, 040. 400.

10,09.30311,309.094.390. 4,110 3, 00. reddidit 00- 4, 411, 07. 443. 039. 003.

sedis 0, 034. manu· 0, 33. sponsum 0,070. hae Jupiter 003. 039. 0, 130. 303. 409.

pietatis 9. 091. 10, 304. 100· 1010001100001111111010, do· 434. 430. 003. 079. 701. 730.

1110 10 371. gentis 11, 040 00110 11, 310. 0110101· Amn- 0, 50. 73. 30. 101. 001. 000.
pamm 1111, 0. ι, 000. 0, ιιι. 1011 ι, 001. 000. 000, 000. 0, 00

010. 3, 10. 101. 4, 100. 390. paucos 00001101· 10, 010 9, 103 070. 300. 347. 414.

AE. 1,01. 330. 0, 137. 070. pavire regem coeli G. 4, 713740. 10,010.337.000.

0, 001000 7, 130. 10, 430. 100 3931140. 303 377. 409.

11. 107. 049 01011110 1001100 AE. 0, 439. 700. 0330110340. 10, 331. 330.
patrias Mycenas 0130077. 8, 090 914. 900

 

