'12 INDEX

5551151519. 4,193 arbustum 8. 8, 16 8, Β. 503. 7, ms 9 681,
1515515551 ussus. 1, 145. 9, 599. s. 55515159115515195
451519.9,15.5.11,159 9111. 4, 191 11551 51 554

Aquilo 5. 5191 45511 cram 5. 1, 155 115545.1,119.591.9,195
11511955 G. 1, 469. AE. 1, arbuteis virgis AE. 11,65 12,·14

199. 5, 9. 1, 951 11551511.5,59.1,45.5.9,59 115554515551581515.
Aquilonem G. 2, 113 1151111151. 12, 518 581
Aquiloni 9, 951 1151111550. 15954. 591. 511541 n. 91. 5. ss. 5. 4,

1 55551551 G. 5994511, 11,395 49511. 5959. 515111,
1. 3, 285. 4, 310 1151119111. 7, 4. 26 16, 31. 782

aquosas Ε. 10, 55. AE. 8, 429 AE. 8, 51. 352. 16, 491. 11, ardemus 2, 165

aquosam 9, 671 98. 142. 12, 231. 281 1111551 G. 1, 34. 4, 91. 512,

aquosi G. 4, 234 51151114 Ε. 4, 53. 59 41. 529. 5, 277. 465. 5, 5

aquosus AE 4, 52 Arcadius 8. 10, 26. G. 8, 892. 136. 9, 421. 10, 514. 689

1115.1,999.114.9,519.599. Ars, 159 ardent 5. 9, 499. 11. 5915

7, 754. 9, 585. 12, 298 Arcadibus ΛΕ. 16, 452 11, 502
1111018, 766 Arcadii G. 4, 288. Ᾰ1. 8, 578 11115515 G. 1, 391. Ε.. 5211
11115157,ωό , 1415111195,299.16,425.12,272 ardentem G.4‚ss4.5:.5457.
111515 (1.9, 115 115151111,595.19,551 1, 149. ³45. 9, 199. 595.
Aracyntho Ε. 2, 24 119151 1, 262. 5, 72 7, 128 552. 703. 760. 16, 261. 11,
1115 G. 4,276. 379. AE. 1,417. 11915514, 422 55 782

9, 199, 155. 511. 9, 55. 1, 1155519919915999 ardentes o. 9, 4551155541

599. 515. 5, 559. 5, 119. 115. arce 1, 55. 9, ss. 41. 945 9, 95451. AE. 5495. 1114
aram 1. 1,1. (1.9, 595. 5, 455. 591. 4, 419. 5, 11. 519. 599. 91519455515455451.

5.. 9, 999. 495. 5111. 5, 1, 19 9, r. 19, 995. 15499. 9, sss. 11, 999. 15519

186. 271. 837 12219 1155111Ι,825 ardenti E. 2, 18. 5115553 r
1115115 G. z, 204. 239 arcebant 2, 405 15155111 2, 465 .
arandum 111. 2, 780. 3, 495. 1155511 1, 81 1145511559 4, 482. 5, 254791

4, 212 1155111911. 3, 155 ardescit 1, 718 11, 691
mnes 5. 4, 941 arcem 15. 1, 955 555. 494. 9, arder 1, 491. 9, 911. 4, 1⁰¹· ,
arant 155, 141, 195 995. 915. 999. 1555194. 991. 1, 595. 9, 55. 15119. 1
Ararim Ε. 1, 53 386. 8, 98. 857. 657 12, 8. 71. 825 Ἣ
1511115194. 5. r. 411 51ἶ1ῃ1’5ἷ1,8191.1,155.1.1, :ffissffhfflsm ¹¹¹ ¹
arator Ε. 3, 42. 4, 416. 1,251. 485 11651515 AE. 9, 184 ’

9, 991. 9, 511. 4, 519. 5. Arcentis 9, 551 11551 (s. 9, 51. 5, 59. 19191· 1

15594 mansur 1, 119 5151159115555141·
51151 s. 9, 55. 5. 5, 59. 519 arceret 1, 999 5, 495. 595. 551. 55151
11511111.1,19.162.176.51.7, 11551 Ε. 2, 51. G. 1,246. 2, 161. 512.552.8,221.417. =

595 555. 5515595995. 1551515145999
aratris 5. 9, 159. 5, 59. 15. 1, 499. 9, 515. 9, 991555. 4, assumo. 1, 919. 9919, 10

559 954. 955. 541. 5, 9. 114, 195. s, 499. AE. 9, sss. 415. 1 r
aratro 5. 1 45. 95. 494. 595. 551595. 5915. 11, 411. 5191955919. 495197·

9, 519. 11. 5, 155. 9, 495 19, 595 1, 5915999. 555555
aratrum E. 6, 56 arcessere G. 4, 224AE. 6, 119 10, 8. 102.197.11,686.156·
111151 AE. 8, 728 arcessire 1551551 10, 11 12, 769
55554 5. 1,,95. 515. 1, 54. 5155151491 11110.1,115194199881111
, 5. 5959. 515. 999. 415. arcere 515 uerrunt 9. 4. 491. 11. 812

9, 955. 959. 4, 551. rr.. 4, Archetium 15459 mna 5. 5114. 5595115

455.5,591.5,195.111.151. Archippi 1, 159 951199. 4, 99119. 518

99515991 41515515.9,119.5.19,19 5595599554491871·
arborei 55114 5. 1, 55 5514 5. 4, 195. rr, 9, 155. 5, 515. 549. 1, 91. 9, ⁵⁸⁹·
arboreis cornibus AE. 1, 190 819. 8, 313. 552. 9, 151 12, 166. 276. 340. 741
arboreum 151515 12, 888 Arcitenens 3, 75 115515 G. 1, 165. 2, 10931
arboribus 5. 5, 51. 5, 99. 15 55519, 115 , 119. 5. 1, 119. 549. 838-

54. 9 1, 441. 9, 9. 59. 115. arctis 5. 4, 991 551594511119381

267. 278. 4, 560. AE. 1, sn. Arcton 1, 188 arenam E. 8, 87. G· 11711 3’

9, 595. 9, 199. 959. 5115. 1115515.1,915.9455.5,15 911. 55991. 551911

’ 8, 95. 12, 454 Arcturi G. 5204 526
arboris G. 2, 124. 3, 233544. Arcturum G. 1,66. AE. 1,744. 115511 G. 2, 232. 5350

151, los-10, 555. 12,155 9, 515 515559, 19915. 1101
111151 Ε. 8, 55. G. 2, 57. 66. sl. 115115, 507. 513. 6, 803. 15654 arenosum 4, 257
¹ 151. 1551195594. 145. arsum 5. 9, 1915. 1, 151. 1151559959. 15111
AE. 9, 91. 5, 955. 19, 919 515. 9, 599. 5, 591. 599. 415554555554268
1 15511111. 1, 49. 519. 4, 9. 555. 5194. 515. 11, 515. 4155151519
5, 54. G. 2, 416. 8, 328. AE. 12815 1155115119 2377 θ,
15 sss mus 5. 1, 951. 59514511. 551 5. 1, 51. 15 51. G· ³2⁶

 

