72 mm
511151 151111 1115 l. 417 11111115 eqourum G. 4, 229 1151551511 corone G. 2, 55
halantes 55115111 55111 G. 4, 5151151 1511151151 4, 220 Η5151115111151151 AE. 8, 2&
109 hausurum supplicis Ε. 4, 115155151111513,551.115118,
Halesi 115111.1·1’1·1’ AE. 10, 422 3113 270
1111515111 10, 417 1115511115 nomen 1111Ι 0, 344 Herculeis ignibus 3, 540
11115151 7, 724. 10, 352. 411. hehel sanguninem Herculeo 11515111 7, (159
424 11555115115511111 155151 0, 732 1151115111 5, 410. 10, 310. m
Helium 9, 757 hebetat 1111111 obducta 155511 5511 1151111513, 304
5111151 G. 2, 350. AE. 4, 504. 11511512, 505 herilem gressuros 8, 452
5, 240 115511 ,11551 12331 herili mensae 7, 490
Helyn 0, 755 Hebrum fluns. 11. 10, 55111111. Herilom regem (15113
1111511111 1111113. 10,(12 1541310505 Hermi compo 7, 721
5115111 .3‚ 457. 5, 250 Hebrus G. 4, 453. 524 115115151511155111511511111,5Β 1
Hammone 4, 100 Hecale 111. 4, 509. 5, 113. 554 Hermionen 3, 323
Harpalyce 1115111511 l, 317 11551155 4, 511 5, 247 11511151 5511111151 sisinius (1.2,
Harpalyeum (1, 575 1155151 1, 011. 2270. 232. 522. 137
Harpyia Celaeno 3, 355 3, 312. 343. 5, 371. 0, 155. Hernico 11111 AE. 7, 504
Harpyia· 3, 212. 225 12, 440 heroes E. 4, 16, 35
Harpyias 3, 240 necron 1, 4113. 5. lon heroes 11.. 5, 540
5111515513,403. 11, 730 11551511 1, 750. 2, 275 55151 1, 195. 3, 345. 4, 447.
hasla 1415113111, 157. 9, Hectorea 155 genle 1, 273 5, 230 453. 450. 6, 103. loe. 1
411. 575510. 745. 10,340. Η55151515 conjungis 3, ies 102. 451. 672. 8,18. llil.
522. 553. 570 553. 735. Hectorei socii 5, 100 530. 10, 534. 835. 12, 501.
(171. 11, 644 ori. 700. (103. Hectoreos 11111151 5, 534 723 002
12152111, 203. 403. 537. Hectoreum 111111511111111111153, heroum E. 4, 25. G. 4, 475.
730. 024 304. 55111. 5111111112, 543 15. 5, 3500110. 5, 307
1155151,111.1(1,117.111.11, 1155151113,310.5,155.11,280 1111115551 sororis 3, 157
555. 307 Hecuba 2, 515 Hesperiis 3, 503. 7, 4
hesram 2, 50. 175. Β, 525. 9, 1155511115 2, 511( Η51ῃ511153,155.4,355 3
744. lo. 335. 333. 301. ll, hedera E. 3, 30. 7, 35 Hesperium 1, 530. 559. 2, 731
01. 234. 555. 537. 75712, hederas E.4‚19.G 4, 124 3, 153. 155. 7, 44. hiae,
03. 308. 431 1151 mihi 2, 274. 11, 57. 12, 520 148
5111111 F.. 5, 31 AE. 7, 305. 9, Η5155151,550 Hesperidum E. 6, 51. AE. 4,
753. 10, 715. ll, (10512, Helenum 3354 484 1177
130 330 Heleni 3, 515 534 Hesperio in leio 7, 501
5111115 9, 402. 10, 795. 11, 561 Η51555 3, 320. 334. 433 Hesperium 15151 3, ele. 1111111
hastilia G. 2. 3511 AE. Ι, 313. 1151115510, 544. 545 5, 5
3, 37. 5, 557. 11, 550. 12, Helenum 3, 205 300 Hesperus E. (1, 30 ((177
155. 489 Helenus 3, 345. 3110. 550. 712 hesterno 1115511011, 15
mumonnnfflnffistmmnnnmnm nmmmnmmffim
· 11, 501 Hellespontiaci Priapi 4, 111 1155 passini, 1511 115115 singu·
1111111 G 2, 142. AE. (1.220. Helori 5551.]1511”1’111.3,(108 lerinense.
4055851111. 11115111, Helymasauneavirinrauoo. heusjus·enesAE.l‚321.hrus!
501.513.12,711 323. 330 7, ΙΙ5
51151,11511115,151151111111511111“· 551511 E. 3, 55. 03. 4, ul. 5, 1115111151511155 10725. 51111(
ori 15515. 50 7. 45. 57. 8, 15. G. 1, 12, 754
hund quicquam 12, 8112 112. 3. 325. 4, 272. 450 51151515[111111515155116.2,“1(3
haud 1151115115 G. 4, 455 1151515 1, 59. 150. 2, ill. 3, hiantes 15511 1, 01. (1511111111
hauri 11155 animo AE. 12, 25 210. 353. 493. 528. 4,’40·.). 5111115115.5,403 i
51151111( 551111111111511515 suli· 407. ,5. 3, 142. 550. 4, 514. hiatibus 5, 575
elale 4, 551 5, 3118 7, 753 hiatu 5, 237
haurit 5511111 111151 G. 3, 105. 1151551511.5,25.(1.1,131.2, 5151515111 15500
111. wanhun· 1111111 gladio 527. 3, 295. 4, 121. 111. l, hiberna suin. 1151. glande R

' lo‚314 021⁴. 3, 235. 5, (02. (1, (1511. 10,20.11551.(511111115111 ¹
5151511115( 515515515155155. 710001543Ιό 115151. 1,2(15 ’

4, 427 herborum F.. (1.2 hibernam 1111511514, 143
11511151515551511551111512,340 551·51112,Ι(.(1.51 8,05.(1,1, 5155151115 1151151 G. 4, 235.
1111111511(55111111151155111111115. 011. 2, 120. 251 3, 125. 1112. nonies asperus, 1151111 111. 5,

ew f wffimfflfflffl.m
1111111 vocem 511 nuribus 4, 3, 2114404. 5, 330 5155151 gen. 1111111511 G. Ι,301.

350 herbis Ε. 2, lu. 7, 41. 9, 10. G. 5111115151 2482. AE. 1, 745.
1115111 [1111511111 1, 730 sire· 1,107.330.2,1(15, 3, 404. Corio, 125

11115111 5, 550. 115 gorgite 4, 20013. 7,10. 750. 12402 1115511111 floribus G. 2, 330.

lymphas 9, 23, spem 1111- 5515515 flumine 51111111 (1.2, undis Ε. 7,710

155 10, 548. 5511515 nores 100 hiberno 1111. 1511 G. 3, 302

suspiciens 10, 800. 555111 11515515 151111. 7, 555 1151. pulvere l, 101. siden

1555555511 polone 12, 945 Herculei 11111511 8, 275 Ε. 4,(110

 

