1⁵0 ’ lnuax

1611611111.4,604.1“161111Ξ. quicum 166669616616 19, 93. 996. 610. 6, 749 6941
9399 669 6611666166 6111661,
6616 moden E. 3, 74. juvant 6611111 16661 1, 905. gentas 936.61111161619,616

G. 3696 AE. 4, 60. juvat 10,71 6611 1111116 6, 691. amau
2, 776 profuit 7, 399. ju· 661616 6, 336. 9, 137 611119, 13

11111166 66161116161619, 66161616 1,691. 4, 6. 7,414. 66116661 (1631663331.
116 6, an. ιο, 611 a, 166. 6, 11611. 11, n
61116111 E. 6,9. Ε.. 4,311. 6616116111.6,344 19,391.600.66111631

6, 631. prohibet 410. 10, quieto 6616 6, 916 66116116 3,333 ι
693 66161616616 16111611614,379. quisquam, 6611666, 66911111 i
6616 loquar? E. 6, 74. 616161 11611161 6, 848. ua· 161161- panim.

G. 1,104. 311. AE. 4, 43. 1666161116116111,963 66111, 666 6166611 61111Ι 1,
1616116111.9,118.6161661111 6616166161166161,303 463

versu 3, 339. memorum ὢ. quievi odiis 6111161111 maa 6661116613,377.4,191.11 ’
6,113.61ιι.1,483.16661111 661611111616 nannenus. 718. 7,333 ¹
111, 36. 37 flamma 6, Qu. 6166161661· 6661111161 9163613641·
66161 666111. 9, 44. G. 3, 16 9, 446 3, 47

966 6616 G. 4, 431. AE. 1,979. 3, quocirca 1,673 =
quid? 661 1, 111 403. 466 4, 647. 1133. 116. quocumque Ε. 3, 49611399·

· ,6166161616111 6611161. 6166. 1661. 6. 6, 611. 66611111.

649 479. 6711 11, 169 76
6616 116161111 (2⁷3, 431. AE. 1, 611146 conjunctio E. 3, 69. G. 6666661666 16666Ι witzin
93 ,7 6.9 399 11 . · 1
6616 66 6111671, 613. 3, 66. 6611116116, 61116616,ωὸ (19013Μυωψ z

4, 419. 11389 6616 61 G. 9, 39. AE. 6, 736. 666 16 6661666 8, 74
6616111616τὲ 9, 109. 4, 96. 6, 777. 11, 130. 356 666 66116666 6666 G· ²13⁶
698.6661616111,176 6616 etiarn G. 9, 969. 3, 467. 666 quaqua 1116669910 1
6616 agai 4, 333. 19, 436. AE. 9, 763. 4, 309. 7,177. 666661 motionum
161611116760 999. 386. 8, 436. 9, 666 quemque 6166663119·
616 6111616,Βὸ 799 6 399
6616666111 11313. n.1,1. quin 6611111 E. 9, 71. 61 4, quo, 661 ipse 16666 6199
AE 19,19. 11, 706. acc. G. 99 666 661116 11.3,36
1,63 6616 pro 6666 666 G. 2, quodquuaremwia· ,
6616 16111119, 70. 19, 793. au· 616 6666 111111 1111 1111116406
66111619.ἰ 11473235 t ι ⁴ 61111611766166611 1161111161 1111 {danaim ti' Ι

61 1161 ,11611 . ιι 6611111116 111111.
ι1971111661 11, 16 ’ quingentos 616111 lanu guud niii E. 9, 1461
quidve G. 4, 440. AE. 1, 9. 661661,111166111611116111166161 166

6, 16 166. 161. 6, 116, 6166 quoa superest 6111. 1. 11
319 quinquaginta 1, 703. 9, 693. AE. 6, 691. 796. 9, 161. ¹¹1
66161111 G. 1, 991. 4, 919 6, 676. 10, 666 16. 6666 161111 10, 361
6611661166.. qunque 6. 1, 661. 11. 1, aaa. 616166, 111. 11111119·
quidquam F.. 3, 99. 6, 63. AE. 699. 19, 763 367. 434

4, 317. 8, 140. 11, 416. 437. 66161616 diem G. 1, 977 6666 61166 circu 6, 363

19, 689 quippe 1,968. 666. 9, 49. 4, 6666 quidquid 7,311
111166116136. a. 1661. 661. n. 111. 61. 11611, quodcumque 1, 1611111 ’
nunnunquam, 116. 11, 166 661

166. 11, aaa. 16, 616. 6611166111661,1111116111, 6166116661616166611
89 ·. 616161 161. ,1
66166616666111 616693 Quirini 11616111 G. 3,97 quonam 9, 6116 , q
66161661 'ora 6, nu. 11, 300. Quirino 611111 AE. 6, 869 66666161666611, 1161011911
66611161 61111 6, 398. 6666111 Quirinus 6616 1111116 1166161, 6111611 1111111. μ 5⁶ 335

6 2⁹2 uoniam Ε.9 . ‹ ι,

quiin G. 9, 344. 467 AE. 1, (16111161611111111616616616611 qb, 1.9,6.(1’9,998.1,ξΙΙ
1666166. 66116 6 1, 661 111. AE. 1111. 1. 9· ei

6116666116, nna. 6, 661. nunna ,11161 a. 1, 116 a, 616. 6166111 ,9111
6, 699. 3, 407. 19, 746. 19, queis pru 6611161 u. 1,73. AE. quoquecunjunciiupw·
666 ι, 16. 6, 611. 1, 111. 616. 66116661 ,

quiescam 61661611 61 uadibus 749. 799. 8, 316. 10, 168. 6661 (1.9, 103. 348· ⁴1¹⁴*
16 mone 6, 371 366. 436 AE. 1, 181. 9, 199. 1⁰1 Μ’

6616161111 66111161616111. 10, queis 1166 G. 1, 161 11, 666. 676

33 quia? 611611 nunus, ui quis 6116111661111.1,13151617ὓ ι
quiescent conamina G. 4, 37 166661 adsit 1161611111. 9, ’1,33,11.1,193.9,9117 1
quiescit Ε. 6, 784. 6616661161 68611116111161611911661161 71. Ε.. 6, 6916191 .

pace 1, 611 66611. 161. 6. 11113. quone, a. 1, 16. 11116
6616166111 prato 111611 10, 3, 4. 4, 949. AE. 1, 469. 666. 1113631. 1113613517ν

636 9, 6. 361. 399. 3, 136. 4, 433

 

