01· 1701108. 10

00100100οηοΙ8) 84810,408.080000.11 470ηο488
00100010 ριιόιο0000οι1100· 100. 018. 008. 000000 11· 0001000’0,,48108
11001810080008010001-00001000,704.00000000110 0001000011οι80 1, 48001000
ιι ιο, m ιο, 014 010. 0, 000. animat 00. 00,
ulentmthunl, 417 0008000. 1, 70 77,108.,0 701
00100110 00010010, 007 108. 8,108, 101, 000. Ε, 000101800.4,080.08,1,701.
001007708 8,1188.0,.144..,0878000 8,180
0011808,,40011888,10,100 11,870.008.10,110180 0001111881, 04 (1.0,.417
0018000, 018 00ορ000, 108 8174001788, 180,
0011000 ’0, 414. 10, 488, 001· 000000 combusti 8, 00 808.878444.’0,118.’0,88,
010 0000008 ’118 000011100ιῶ 1.000.’ριο100 7, 808. 818. 10, 101. 10,
unguntum 0100 formidine (1.0,8711 00108001 804
1000004488 00000 7001081. 0, 744. 0, 000 00011100 8, 81010, 048. 844.
001130100018000800180008 0000110000, 8, 880 4, 080 10, 811
ealigine G. 0, 8110, AE. 8, 008. 00000 000108, 1, 78 00011100, 800
0087888080. 11’, 187. 00000041. 0, 01 canonum. G. 8,440 AE 8,
. 87810, 400 00000 verb. 18. 8, 70 070
001104, 400 00018407 ⁶ 00000000. mo. 0.1,10,
001100180448, 0,888 00001108010008, 10, 08 01788. 1,1. 8,40
canope 8, 008 cancros G. 4, 48 Canopi G 4, 087
Calliope· Ε, 4, 07 00000010 1001111 18. 8, 078 0110οι4, 71
00100 G. 1,80, 8, 070, 4, 88. candentem 1000000 ’080 ρι- 0000100808, 18. 0, 100
,8.4700, 8, 800. 0, 470 0000000, 808. ensem 1100· 000000, 808
01110ιο G. 1, 180 0101000010οΙ 0000010 0,,4 100. AE. 7, 700
0010000844 candenti elephanto 0, 880. 0001001108. 10, 81
0010000 4001ιὶ000 0, 070 ιοιροιι cycnum, 008 0001000018, 70
0010014,08 000000110000004, 81. 1100101 cantando 8, 01, 00. 8, 71, 8,
001104 0110880 8, 700 71. 8, 00
Calybe AE. 7, 410 candidam. soem. 8. 0, 400, 10001001οι0, 08, 04. 80
00100000880811, 070 41 G. 0, 800. M, 0717, 0001001000 10 70
emanans, 701 88, 80188, 808, 0001. 0, 00010007, 0, 11), 80
(1001010018, 10,800 0700481178. 0, 708. 0001001 10 41
Camerti 10, 004 0, 480 00010010, 0’4
cmm· 7, 808,11,480 488. 00011101οι8. 1, 08, 7, 88 000111οι008, 17
888,088.040.807,888 0000111000, 18’. 0, 88, G. 1, 000100, 08
000111011,804.080.801. 808. 017. 8, 887 00010 G. 1, 088 8, 808. 4, 471.
888 candore 01001ιῶ 8, 088 AE. 0, 180. 170. 7, 10’, 84
00011100 11, 848. 780. 788. eane 0010700008888, 10110 784. 80
8808808118 00ρὶιί 0οιι10οἰο’ rebusque 0001000, 018
00011100 G. 0, 180 10011, 888 cnutus 0.’ 1,408.18. 1, 808
Camillum Ε. 8, 800 00001100 G 4, 000 7, 841. 787, 8, 080, 408, 10,
0001010 8, 080, 0880 0000000118.’0,104.7,78. 108
(100000 0, 8, 00 008, 10, 08 00000 G. 8,088, 404. 18. 4,
cumptum 10, 140 0000001 8. 8, 81. 0, 00, 0,,4 180 .
111 1881811111 881 1101111011 ’1.,11081011 11 111.
, , . , . cn
, 080. 074. 1071001000 plur. 00000111 geminis tempori· aem, 717. 8,488, 0,.7Ιο
G. 0, 480, 8, 188, AE. 8, 701 bun ,ιριιιιι 00000100 0, 410 8, 877, 10, 242². 11, 880
8,888,8,441,11,000.10, 00000100οἫ08Μο 0001100804 .
88. 040 00000000 8,117. G. 8,1 0011011070 4, 01, 8, 88.
111811181111811111181188140 ’
00000 . , , ,
4,404, 0,00’. 80. ’888 10, 000001088οῠ

,408.8114.11,400. 488, 000001008.8,44.18.8,.001 · ·,’ ’ , ’ ’
,408 00101000οι- 10100

00001100 8, 807
canenti 0, 008
0.ιιιιιο110 G. 0, 18, 100. 810,

418 0ορ00οι01, 77 4, 848
,0000000 E. 8, 8, G. 4, 110 10ορ000010, 708
01000001 E. 9, 10 capessam 8, 007
00000 G. 1,470. 8, 44. 840. AE. 00 essunt 8 034

8, 007. 7, 484. 8, 480 (ΣιρΙιιιιιιιι 11, 0110

480,,,4000 000118.1,’.,07811 0ορ17,000
088.,11, 0001000811,08.’,.887 8,77. 0ορ10011,808
08 8,00,1ο,’01,0.1,140’.8, 0000000008οᾶ

 

