0111011113. - n

Adoni· 2. 13, 13 131311313131111.10,333 1311111113 1311131331 G. 3,
3331111133 1131313 AE. 3433 131111131731111313, 133 373 1
13311113131131313133311113. 1311131 tempure 11313 3243 3311111111 113111 3. 1,93
437 13111111.9,2111.4,391. 7, edytia 2,113. 297. 331.
13313111311111117, 133 33. 10,430. 313 404134, det. 3, 34
aderet Cererem G. 1, 343. 33· advenam urbem t, 333 adyto 3, 93. 7, 239
mee 1333313131. 1,43 1311111117,233 AEaeidae gan. 1, 9113233.
edero 13311111 10, 317 adveniet tempua 13, lt 3, 33
1333333113, 7, 333 1313111113 313137, 1431111337, 1311131113339
edenti deducere, 111. 3, ter 133 AEere 9111113113
Adrasti 3, 433 advenit Camilia 7, 303. 3113 13331 11131, 2, 437. 12, 473. 307
13111113 333131 12, 33 11, 037 edibus G. 2, 432. 4, 233. 31.
33311331113 12, 224 adventabant rub 31113 3, 323 2, 312. 3, 433. 12, 93
133131 0. 4, 1913. 3, 7310, 1313313313 ded 3, 233 331311313113313 2. 13
774 adventantibus enrie G.4, 192 AEgaeoatte 12333. Neptuno
1311313, 233.431.331113,3. 3313111111 ad urbemli,5td 3, 74
1, 13. AE. 4, 313. 3, adventare 11131313.7,39 AEgoennldtissti
73 1311111137,344 eger E. i, 13. AE. 13, 337,
133113.2,33.4,33.ὣ.1,734. 13113131 ring. 11, 337 eger anhelitus 3, 4323,
3, 113. 3, 334 adventure 3, 33. 3, 201 314. euris 1,233
edapeetabet 3313113111 12133 1313113 nrm. scam. Ι, 103. 3, e 133 nce. 3, 334. 433
133111311111111, 111.11,113.114.11,113.11, 1111111313118.311
3.3,103.9,33.0.2,114.4, 331.111.1,133.3,313.9,33. AEgyptum G. 4, 291. 2113,
a 31 1, 111. 111. 1, 111. 1111111111, 11113111 111
333. 3, 771. 71. ffld. 333. adverse 1131. 3, 33 AEgyptua G. 4, 210. AEa 3713
3,11ο.111.1ο,131.11,111 adversantem , 33131313
edapieere 12, 131 advertas l, 420 AEgon F.. 3, 23, 72
adspicere! 3, 333 adversata 4, 127 AEgonie E. 3, 3
adspicerent 12,342 3311131 gan. 3, 477. 304. 9, egri 3131133. 3. 312 egre
131ρί311312 133 333. 11, 337. 12. 307. piar. corpore 111. 2, 333. 3, 140.
adnotabat 1, 111 1111111111 genua 1111
1311111111,193.3,413.·3, 33111313 G. 2, 323. AE. 3, 237. egram 1, 331. 4, 33. 3, erit. ff
,133373 11,33 3, 331 10, 312
1311111131 2, 373 1313113 G. 1201132727. 31133.3,334
1331113312233 4, 731. 3, 39. 3, 219. 413. egrescit violentie ’111111 33.
3113111 n. 1, e. 33, 111. 111. 111. 9, 147411. 10, 1111
2,431 734. 12, Ι. 231. 310. 443. 111111113112910 ,
13111111 4, 333κ 930 aegris G. 4, 254. mortalibus d.
1311111114, 372. 7, 131. 9, dot. 13131131 Ε. 10, 43. AE. 3, 733. 1, 237. di 2, 233. 10, 274.
1113311113 1,111.1ο,11111,113.11, 111111
11111111110.4,11312.4,334 233. 433. 431 egros 3331 G. 3, 493
1313111311,394.3,734 1311333333433311370. regrum 3111313111 (1.4,43411-
131ρὶ1311 7, 3 742. 13 1313131131 311331 3, mur AE. 10, 333
131 1131 2, 333 3, 331. 3, 373. 237. 111 3313113111 repiet 9, AEmonidee AE. 19, 337
mid 911 333113311113,131.31333131
1311111113 3, 323 adverte 4, 113. 3, 33 «113. 133311 1113311 apes 10,
13133131 AE. 7, 131 1313111113 prorae 111113 7, 33 311
adstabat 3, 473. 12, 93 adverteret 1131133131 12, 333 emulus 3, 173
1333312323 331311111113113 1329311113- AEnea,AEnee,AEnean,AEeena,
1311311 1, 132. 9, 377. 12, 133 pina 3, 410 pruina, 113 nette nngntet
1311131111 13, 333 advertite 31113111 quer 311313 2, 111113
adstantes 3, 377 712 meite 331333 4, 311. 3113311139333
1311333331 3. 3,343 13311131 3, 301. mentem AEneedre ,1111311111214
1113113131111 111 11,-413 131. 1, 11111111 rea.
1311317,72 · edvertitieequore 1311313111 7, 733. 12, tt. 133. 779
1111111111. 1, 111. 3. 13113, 111 3111111 m. 1, 11. 1, 111. 1,
194. 4, 702. 3, 10 advertunt prorae 3, 101 341
edundi 1, 393. 7, 434. 9, advertuntur arene 311. 3,34 AEneedia 131. 7, 313
⁴27 1331131 10, 32, 11, 233 AErreeddm gere. 1, 333. 11, 133. .
1313331337 1331131133) 3, 312 10,120.11,333
13ἓ111α1ω23ἓ3οὲ, 223. 7, 333. 332131ῗ1111313111.4,132.ὣ. 1, AEneiarzemseetd, 1.10,130.
1 · 1 11311394
133113111133313313,13 13131313313111113,233 1113131,33.12,343
1313313 3111111 3, 334 1331111344 11131111333
1313311 hue 1,333 131311110,433.393.13333 1113113131,32.3,413
1313113111 9,11 13111311133131311.113111131- AEetidendtua'ttd
33113131139113ῌω riht Mentitur 13333 ,ὣ3113313ῤ23

 

