03 1703113. 195

6) 57. 991. 377. 695 3, 379. 9, 436. 10, 76. 179
111111111139, 139. 5, 11111111 rgr 11111 Ε. 3,39 657. 313 11, 71. 19, 69.

136 693. 9, 391. 579. 19, 11111111 136 ,74

910. juvenum 6, 6. hic 1111- 11111113,997.4, 103 1111111111111 11, 395

1111 111 rorum, 1111611 6, 660. maritos 4, 636 materno 111111. soem'. 1111111111

omnis 111111 multitudo 7, 111111111111111.3,196 11,340161.1111113.1,93. 1

7110111111111111111 7, 739. marmor 111111 1, 964 AE. 6, 79

juvenumque 1111111111 9, marmore E. 7, 31. G. 3, 13. 1111111101111111111111111-

309. turma 9, 396. ezer· AE. 4, 467. 6, 69. 34311 114, 144

1111119, 301. 1111 1111111111· 111111111111111111117,93. 1111111111111113.4,349.1111

1111171111 11111110,164. Libyco 7, 713. verro 10, 13111193

{agesilr'ffmefflffialg'offi 11111οὲ1111 1111111 G. 4, 693 311311111117111011,111

turba 11, 34 1111111161 11111111110111111191.4,399. 111111111111114,963

1111611 11, 959. cotem 1111111- 111111116799 1111111 3333913911. 111.

11111 11, 467. Trojano 1111111111111111111137, 1, 339. 7, 933. 3, 610. 9,

murrona· 11, 1111111111 35 111. 111. 11, 111. 11, 1

111116111993911111113. Marpesia 1111111 AE. 6, 471 999 1

111111111111116110,994. Mun-ubo gente 7, 760 11111111 E. 4, 60. 3, 47. G. 1, r

111 1119· 11 11111 1311111113· 91 111111313111119 1

376 1111611111 11111119, 99. 11111111 1111116111 ¹7, 763 1111111 G. 4, 475. 6911. AE. 9, ³

31111111111111 7,·195. 10, Marsorum montibus 111514 439 763. 797. 5, 646. 664.

353.1111111113,393.1111111 Marsos G. 9, 167 716. 750767. 6,306.7,399. ’

ooo 11111 oroo- 11·

1···· 1·1 ·1’··’
mommormmmofflewmm

455Ι 487. 9, 57. 661. 193. do 10, 99. 11, 399, 19, 4111. 11111113.4,61.111.3,19.74.4

3, 49. 177. 499. 699. 4, 666. horrentes Latinos 19. 937. 516. 6, 60. 9, 916. 399. 434.

6, 499 6. 67. 314. 496. 663. adverso 19,1.111116111111· 665

1111111. 3116. 114369, 6111111111 19419 1111111111 Ε. 1,93 G. 3, 393.

115. 661Δ 1111116666. Manem indomitum 9, 449. AE. 1, 636. 9, 736. 5, 699.

363. 11, 31. 311. 19, 963. 111111111111111116,165.1111- 9, 61. 917

contulimus ll, 933. demus 11117639. movent 11 pri· 1111111 G. 1, 1113919663,

operam 11, 399. poscunt 11111111117,603.1111111 137. 4, 64. 643. AE. 1, 636.

111111 opus 11, 379. oeque 9, 766 11111 19, 163. 669.790,7,361.431.3,335.

mooun 61611111 neque 11 111111111111111111111611111· 9471534. 10,900. 11, 549.

modim 11, 563 11111 19137. invadunt 19, 19, 64. 516
mapalia G. 3, 340 719 1111111111 nom. 1111. 11, 476
Μ11111111191.6,366.333 1111111,411.11,111.111111 matrum G. 9, ,3, 61. 133.
more 3191111111 9153. credere 11, 163 16. 7, 367. 813. 3, 718. 9,

4, 969. 373. AE. 1, 994. 936. Martio 111111. sing. ι111111911· 979. 11, 473

946939. ,196 9911 696. 11111111111,661.111111.111111. 111111111111111 1111131111

4, 566. 6, 175. (113. 773. 303. - 1111 Ε. 9, 19. vulnero AE. 7, 61111 AE. 7, 53. 11111 19, 433.

7, 95. 39. 699. 309. 310. 3, 139 obl. 11111 19, 967

149. 19, 363. 19, 197. 11111111.11,44.11.1,11.1, 1111111111 311136

469 111.11.1,610.611.3,611. 1111111111 1111111 prepararet).
Mareotides 11111 G. 9, 91 667. 19, 790 1, 961
11111111.4,33.111.Ι,Β1.110. 6111111111111111113. 4,71. 1111111111111115.1,137

3, 141 5, 59. 193. 6937, 11111111 AE. 9,566 1111111111111151116.3,39.1ο·

900. 9, 499. 10, 169 1111111111 11111111 Β. 9, 65 116111 G. 1661111111 1, 343.
11111113.9,479.61.1,39.63. 111111111111111111 G. 1,976. 11119419

594. 3, 70. 6, 919. 694. 7911. vertant 111111 forcipe 119. 11111111 1111 Acestes AE. 6,

6, 59. 119 361. 9, 116. 130. 3, 453 73111111 11111111,146

71416197 Musica 3111111 1111111111 G. 3, 1111111111 cuntur 1111111111 3,
11111114611116111111111117, 696. 1111111 Boccho 7, 7911 466 ,

47 6111111111 humor 3111111 G. 111111111111311113,465
1111111111111113.1,369 9, 143. princeps AE. 10, 1111111110,43.19,936
11111111111111611 1167711111· 166 Mavors 3, 709. 10, 756. 11,

ζ 11111 AE. 7, 739 11111111 111111 (1.4,170 331, 1917113119
marino 1111111111 (1.9, 169 111111111111111113.4,433 Mavortia 111111. som. 1111111
11111011111119ώῦ Μ11111111111111,119 11111111141111111111,
q Mflrf⁰⁸2=l⁶⁹ 9111111Ιὺ10 1111111600 13.111111.111111.11111111,976
1 1111141115411144619. &32 (lii,5 {g magor¹ 2⁹3⁸, 66. 6, 93. 3, 43. Μ11111111111ίί7931,6306
2} 1εοῖ 1111111. 1111 11131. ’141ῗῖ111111ῗὸ1 Μ1361“11,111”“’ ’ '⁷⁷'

763. 799. 7,307.3, 671. 19, 3311773. 734. 7, 441. 769. 11111111111114,906

,

 

