61 116661. 11

616611611666111166116183, 11, 841666 6616661161116ὣ.11,822

5114 cutmen tuguri 11. 1, 69 Onnum 8161111 6, 98
crudescit pugn· Ε.. 11, 833 culmi 61111111 (t. 2, 611 Cunnum 1111111111 3, 441
crudescunt pugno ’1, 188 66161611111111161 E. 1, 83. do· 8616161 6616111111 8111111161 Ε.
6166616116 11. 3, 29. AE.6, 6161116161.2,446.418.16611 4,4

69. cortice 9, 143 2, 696. 1161616661, ducrum Cumarum 11162
616666161116 tuum 4, 611. nonum 1111111 1616 6116161161 lancibus 1111 AE. 8,
cruento cing. 1111. hunt· 10, 12, 669 284. 12, 216

349.161.1111110,666.11111. 6111111161 G. 1, 402. 61. 8, 466. cumulat 111111 muneribus 6,

myrta G. 1,396.111111 M, delubri utto. 11611 4, 186. 632. 11111111 116611 11, 69

768. 164621116Ιί1 10, 832 11161111 1, 612. 16111116 1 6116611166] morte 1616111611 4,
cruentum 11661616 AE. tt, 668 66161161 ’11616 9, 299. 1111· 436
cruentus spnmnn G. 3. 293 6111 66161611161162093 cumulo 6161611161 661161 16661
cruentat 14111 AE. 111, 731 culminibus ⁴, ⁴62. 6,·1611. 12, 1,196.61616161616111]111ι“111
cruentis 6116111616. 4, 16. AE. 863 2, 498

2, 161. daptbus 3,(118, 111. 6111611611 [1611112468 6666161111111 G. 1, 106

111 6, 281 culmo G. 1, 311. AE. 11, 664 6116611611 Ε. 4, 23. 6111116114,
cruento 611 1, 296. 9, 341. 6611661 G. 1, 169. 192 66. gentis 18. 3, 196

19, 489. 12, 8. natvm 2, 61111611611,321Ὶ euncttsoem. pubes G. 1, 343.

272. mm 11131, antro 8, 66161111 t, 111 6611611 1636641166611-

291. cerebro 19, 416 611166,11“1ις. AE. 4,19. 12, 648 1116 G. 2, 42. 3, 19. 11. 2, 11.
,n

1111116... nco ,.‚..,.

1111661111 1, 411. 1, uu norunt 61161 11, 141, 11, 116. 411
cruet· 6. l, 486. 4, 286. AE. culpatus Puris AE. 2,602 cuncte matteras, 61416-

3, 43. 8, 1116. t), 434. 111, 66111 11616111 Ε. 1,11.61161· 16616112,261

798. 11, 646 724. 128411 111 G. 1, 163. 61116116 4, cunctam gentem G. ³, 413.
616616 4, 201. 664. 6, 383. 9, 120. pinguia 4, 312. En ³, 1116 AE. 19, 696

8³³. 111, 998 63. 19, 141 cunctando 6, 846
motem G. 3, 61 ,4, 642. 661161116161111111 11, 188 6116616611614,133. 390. 6,211.

,4. 1, 161. 1, ,1,141, 1111611111 6111411111 1,441.1,111.11,146

19,349. lustu 661111 111111. G. 11,492 6666116111 guban (1. 2, 286.
6166116 4, 681 cultrix 1111 0111111 AE. ³, tt 1. minium 3, 488. 166161 AE.
61611 G. 2, 8. 316 4, 181. 6661611161 1116611νί116 11, 19,831

AE 11, 639 061 cunctati 6, 856. 12, 919
6161116111363192. AE. 11,771 6611161 6, 248 cunctantibus G. 4, 191
616616111611111.3,369 661166111116 Ε. 4, 1811. 1, cunctantur tn 1111111614,268
cnut 6111161 1161616 mnu 111, 192. 2, 61. 4, 663. 6111616661 cunctatur 616611 61111411

7, 115 ’ cuttu 161166 1111 6461111 AE. 661611 611111 19, 114. mutu
0161166116111116111, 631 3, 691. 41611161116111111 · 12,916
(11611616111611116.2,88 'northusum- cuncti 1111. 1,669. 2, 409. 3,
annue 1, 447. 61. 3, 324. 4, 61111616 G. 2, 420 109. 169. 363. 6, 68. 19. 221.

686. 648. 8, 412 9, 469. 61111111 num. sing.tt.t,u. AE. 381. t, 683. 8, 199. 306. 19,

116·Ι 12, 144 11161111616166111. 96. 11,344. 146
6611111 E. 4, 63. G. 3, 289 arvorum 2, 1. 36 cunctis 1, 618. 694. 2, 228. 3,
,6661116 1, 188. 4, 46. 243. AE cum temporit 6111. E. ³, 10. 19. 91. 6, 244. 1, 239. 8,162.

6, 214 11111111161111111111- ’12229
6661111161 G. 1,411 1136116111 11166161 6,389
cubuc Ε. 4, 690 curn nrnpnn'tio 11111 61161116 cunctus netngt fragor t, 164.
6661161118.4, 129 1.4,11.1,16.1,11.11.6. 616111611116161,233
16661111116166111616111111, 1,199 821. 483. 2, 299. 3, 666111111161111111116 16 snr-

2129.6,64.1111161166616 223. 4, 119. 439. 633. AE. t, 1166161111 12, 269

lupa 2, 694. 61161116 11111· 47. 66. 193. 246. 292. 636. 6111111]1111116.1,144.2,19.
61111111 Γ616611 6, 261. per 2, tu. 318. 499. 682. 688. AE. 6, 181. t, 699. 6141616111
on 16618,390. pet· 616 694. 3, 12. 111. 236. 6118. 12, 467

1116161 11, 296. pet· 611 617. 699, 4, utu 241. 426 6666611141611111111111616111-

1611611266 614. 696. 681. 6,16. uu. 1111 G. 2, 699. AE. 6,664
1611611111, 1111 61116166111111 289. 368. 868. 869. 6, 186. 61161661 dunt 616661 compo·

116111 3611646. 1,139. 418. 661. 1111611116 161611116111611Ι 12,
66 unt 64447. 611692. 691. 8. 66. 1282 696622. 616

1,119 6211619193. 2164949. cunque, quc 6166666116-
66111119.2,111.8,Ιο2 AE. 849. 662. 628. 111. 816. 6661111111 mlo. qno 16

616111966111416. 19, 124. m. 331. 667. 691. 6661661166 16611 tenet

19, 191. 111. 461 11,48. 194. 113. 219. 396. 8,14. qut 16 cunque 16111
66161 1611131681 894. 421. 466. 666. 6114. virgo 11,’162.66111666-
cu 9,13. G. 434. 431. 681.831.12,828.969 qno 11116161 611111 19, 61.

AE. 6, m. ’1, 191. 9, 611. 6616 11111511111111111 (1.1,178 quo 111 661116616161 2,

1
s
Ι

 

