08 11011118. tus

1181111 laboranti (1.8, 198. ltu· 1189,883 1118181118 11,775
meros 1118 R.. 1,.182811 1111811181111118 pulsnt 9, 415 11 1111111111. sum. ring. 11111
4, 2114. omnin Mercurio 4, singultu 1111 tendunt G. 3, 111111111111111111.
85811111811115,254.1’1181· 5117 11 qut qun, 1111111111, elisatii
bnnti 5, 812. imploranti 7, 1111111111811111,444 1, 18. 8, 243. 9, 78. 459.
502. omnin tongeno 9, 680. 11811111 181111 Ε. l, 18. 9, 15 812. 882. 10, 134. 458
tenenti 12754. 18111111 l, 11811111111111111 AE. 8, 457. 11 811118.8,489.12.1,322.
828. curu 8, 398. iuturus 6, 871. 10, 281. rupe 8, 548. ,8,387. 11, 318
12, 477 tununensis 11 1181118 E. 2,23. G. 1, 289.

118111188118118 11818 G. 2, sinistris 1118111111,10 a, 128. 3, 98. 4, 228. 314.
131. somno volucri Ε. 2, sinistrum mnrium 2, 671. An· AE. 3, 800. 10, 272. 808. 11,
794. 6, 702. murti 0, 822. 1811118845 853. 12, 752. 851
11811110,391 sinistri pedis 7,1189 siquem G. 4, 6. 281. E. 1,

8111181118 8, 261. 834. 8118. sinistris 1111111112,443.8881- 159. 181. 7, 225. 228
10, 80 111 10, 110 11 18111811,578

818181ίί1 l, 818. 8, 302 11111118 181111 10, 180 11 (1818181184317. 8,140.11,

Simois 1,100. 8, 88. 11, 287 1111111181 1811111 11881 nuso. 418

simplex nen modus inserere 8811111,347 11 81111.1,81.1,1ο.1,31.
G. 2, 73. nun vis mortis sinit 2, 779. 10, 427. 433. .1, 803. 4, 317. 382. 8,
3, 482 700 688. 7, 273. 9, 448. 11, 374.

11111Λ111111111111113ὠ28111181 118111 2, 089. 9, 820. 10, 15. ,12, 152 .

11881511111181181. E. 11111538618111 lun. G. 3, 208 n 1111495115541475804ιὲ
1, 813. 631. 832. 2, 220. 8111011 AE. 2,25⁹ 4, 310. 328. 684. 8, 410.
5, 875. 8, 318. 319. 12, 268. Sinonem 2, 79 9, 210. 211. inultus, 157
758 81181112,195 11 qui 818 12, 781

simul nrtqrsurt 81232111. 1181 optantis, ut 1111111181 siqu 4,520
11, · 1811811811181 813111- 11118818,8,10.(1.2,288.18.

, 1111181814,90.12,222 timentis, 111 suspecti tibi 2,420

, 1111811811 G. l, 477. 4, 472. 1111 imbres G. 1,443 311118811811111818,884

AE. 2, 517. 5, 585. 674. 7, 11111111118118111114,382. 81· 5111111 G. 4, 425. AE. 3,141.
89 cunio 18. 3, 892. 1111811118 10, 273
simulacrum 2172. 232. 772 amplexu 18111111 4, 888. 111 8. 8, 85. AE. 1,330. 12,
simulans 118111 1, 382. illu 18118111 circumfluit Cocytus 439
eborum 8, 817 81321111 11 1811811111, strum 11 tutum 1118111 pu·
118111111181118 pro reditu 2, gg. perfundit 111818 11, gg 2, 820. 111111111ιωὶ11 6,
1111111111 nimbos 8, 891 1181111 volumius 111111 111111- 11118111111 811811111811111881
11118111 spem vultu i, 2119 1111181112, 2118 G. 2, 489
11881111 nil. utente 4, 105. 11811181111111811181881111- 1111111811818118 AE. 4, 634.
111111111111118 1,710. rum (1.3,192 11811880,468
18111111 Pergama 3, 349 sinum 181111 E. 7, 33 1111111 8111 detur 3, 7. squaru
simulstu numine Bacchi ⁷, sinum 11 8118 1181111 fluctus 1181111 4, 489. 881118 11,
388 G. 3, 238. implevit bury-¹ 873
118111118111111114, 812 mis AE. 4, 30. implerit sun· sistet 8181118 in 81113, 117.
sin passim. 11111 10,819. in sinum sub· 1181 Romanum 6, 888
111181 11 qui 1118 1, 18 1111 submittit 7, 347 11111881 monstrum 11111111 11·
11111111881118118111 1111181 sinunt 181 1111118 G. 1, 289. 1181111112,248
12, sn. occiderit TroJu num 11 quern numius 1111111 4, 7. 111111 num 11111 111 arunt 8,
1888112828 nou 111188181881811111 8511011811 turonium
1111 neri. E. 8, 12. 9, 43. G. 111. ,1,1111 8188118111181111110,323.
4, 47. 90. AE. 8,1113. 717. sinuosa volumius 11, 783 1111 111111 11, 883. equos
9,80.291499.10,898.11, 1118818 01188 1,244 12358
805. 12, 25. 880 sinus rrum. 11111881111111 111 sistro patrio 181811181118,
1111 1111111111111111. nodo 2, 76. extremi orbis 1126 ,
1111111181 AE. 4, 851. 11, 701. 2123. ultimus turdos trs· 11118111818181. 1,473

12, 147 1111 811111 3, 424. st 118118 111ζ811111.

111111 18118870 AE. 2, 23 ’18111111 3, 881. Sit saturniniani&

. 11111111 8111818, 31, 1888111118 111. plur. urvn 181111 G. 2, 1111 G. 2, 358. 3, 434. AE. 4,

11118111, 103 381. 18 sinus reductos suin· 42
11111 8, 391. 10, 28 11111111 8111844211. AE. l, sitiens rsplst Vsnsrsm u. 3,
111114, 840. 8, 96 181. illyricus 1,243. 881111· 137

singula 1, 483 8, 723. 888. 8, 1111111128181111111-111111111111811.1,11.111181 r

8181811811 G. 3, 471. in· 1811181 3, 485. megaron 3, G. 4, 425
18111181 ὢ 3,348. 881111- 880. obliquus in 11111118 5, sitim E. 8,47. G. 8, 327
ments 8, 311 18. 81111811811111 5, 831. sitis 3,488

singultantem 8818111181· pandentem 8,712. 1111111- 11111 1111111 moriens E. 7, 87 t

32

 

