¹⁶⁰ 111011

revisens 0101101 10110111 10111 791. 851 11013144 4, 23 ,

Ε· 111496 11111 1111016368 11011 E. 3, 94. (136561,
1911111101110111111111 111101101001016,666 191. 627 AE. 6, 314 110.
revises 10010 ⁴. 041 1111111100111 1. 100. 1, 110. 11,11. 11,
revisit 01111101 4, 3911. 1010111 Rhamnetem 9326 766 1

45531101110111611816. 3610011119, 353 110001 6, 376

1111 11. 111111111131ῗ101ὓ 1111191111, 11 ff? 32 11111, G. 1, 15 1,
111110 arcem· 9, 760. 1011012, 11111116.4,469.ὣ 1, 469 459. AE 6, 306. 319. 191.

796 1111011111 arces G. 1240 712. 7,.2111. 8639116. ’
3311136311... 5, 1111ἱί 1331, 1318 0113111110 1,

167 Rhipeus ΖΕ. 2, 339. 394. 426 498, 7, 33. 8, 67 9, 111
revocabo exordia pugnoe 7, 1111001111.2,1112 111811 1110011118.3,1.111

40 Rhodope E. 6, 30 8, 44. G. 001111111011211111011111· .
111001011111111010 1, 914 3, 361 tem AE. 6, 181
11311333312.111 1133316313 311· 331318

’ 1 · ¹ 1 ¹¹ · 1

0, 126 Rhoebep‘AE. 111, 8111 ’ 1111 G. 9, 393. ,8336111111
1110111 pedem Tiberinus 11) 1111111111 10, 399 666. 638. 6, 96. 71 6111

11110 9. 126 1111011111ιά 01113, 168 7,6 93 8, 80. 69. 9,351 11
11101111101111011,209.011110- 3111110116646 26412213 ‚

(em 9, 261 0110011111111110,111 1110 2101001107.741.1ἰ11 1
11000110 1100001111 110111 1, 110001010 1006041012 ,1101111001 1111 00, gg

11101 numerorum ,

revocatum 1 110111647611- 11111111 de ge'nte 10, 388 rivis E· 10211- G 1. 1311

vocatum 11111111 7, 7611 Rhaetica G. 9, 06 120. AE. 6, 200. 6, 611 1,
111·011111110011ο1110011(1.4, 1111111001 9, 456. AE. 9, 344. 683. 8, 446

86 346 rivo E. 5, 47 8, 101
revocent AE. 10, 8411 111110111111101001 E. 6, 93 11101 3, 111. G. 1,106. 211
revocetur 011111 genus novae rident 1000 omnin 7, 66 9,165, AE. 9, 466 111111

1111011 G 1282 11110011 acantho 4, 911 1110111 Ε. 8, 87. AE. 3, 310
11101101·οι 11011011 0101011, rigabat 011 fletu 1116699. 11101 G. 4, 19

361 1011010 lacrymis 11001011 robora 1, 176· 11305· 3237?
revolvens 1111 AE. 9, 391 9, 260 490. AE. 9, 489. 4, 399 0
1111011010 casus 1111010 10, 11011001110001181111017, 698. 763. 11, 137. 00101

61 7181010010110111610 11, bom cuique 11110 1111117
1110110 111019, 101 638. 1101110010 19, 308 (1111111101 1113610001
11101011 nom. stem. 1111010 1101610111111 boum plumbo 8, 616

est 4, 691. 10 1111110000. 101010 11110001 6, 405 1011011 G. 2, 266116. 11921

11111 0, 440. dies 110966. 11010110110011 auroque 011· 4, 4416, 681. 69143111

111111.01010111119,470.[101 11101,648.11111110110110 11, 326. 663 8931011011

1100011 10, 6601111111, 8, 621 00110016.3,339.11011101 ,

&27 ’ rigentes vestes ostroque 1010· 111111011111131.031 ,
1010111101 111103 januli 6, 336. que 11, 72 roboribus 1111112180 o

101101116011011,611 1101100011111111110011 G.³, 10110111 100110141111041011
111101111001110110111111, 393 783

182 111110061111111 AE. 4, 961 robur 110111 G. 1,]69 101110·
110110116237 ι·1310111111110,340 10111 3, 935. 1111110 AE ’1
1111110100111 11,1111111111111101010 11111111101100100
revulsam loricam 12, 98 rigidus quercus E. 6, 26 10110 10, 479. 11 1410111611
revulsas Cycladas 8, 001 rigido 1010 AE. 19, 304 11,174.[11010110001011ΙΙΙ
1110111110111)016,962 1101110011010111 G. 1, 608 368
revulsum 0110101 10111110 G. rigor ferri 1, 143 robur nodis gravatum 1111

1623. gubernaclum E 6, 11001100019,486 1111118,991

349 111111 ignea AE. 8, 399 robusta 11111 G. 11119
11101101110014,616. 1 scopu· rimanti cuique 111010 11111111 10601101111101 11. 1111111

Ιο Sergestus 6, 276 7, 608 101 G. 9, 961
1111111482.23318.1,’1·1011010101111(1.1,384.111- rogamus 111101 AE-Mffl ω 1

69. 66. 941. 644. 676. 2, 11113,684 100101000110011111101

77. 648. 3, 80. bis 363. 375. 11011101 vincera epulis vultur E. 10, 21

6, 633. 6, 66. 7, 46. 81. 1116699011111101111111, 100111111101101101116-81111
913 990. 493. 439. 650. 746 1111110111101 ,
8109186. 307. 469. 481. 111011110100011, 193 10011111 mihi 1111101111
9, 274 397. 10,2.-119. 649. 1101011 nom. [0101.ογ011106, 149

1191665743. 11, 113. 931. 414. 11101. plur. 10111111 111 1001111111 11688

101. 101. 111. 11,111. 11011010 1111111110110811111

 

