1

1

115 ’ 155511 ,
5555519395 541. 595. 755. 798. 8, 951. 5, 195. grute 55515935 ’

551155155155515515541511515 545. 9, 54. 333. 349. 499. 55111555 5155155 1555111159, ¹
9, 555. 5115515511 perignem 455. 10, 94. 590. 517. 787. 587 ’
3, 957. 51155555 5555 15 flu· 839. 11, 8. 94. 99. 38. 389. 9511551115 asper 7, 799
11515 dedit 9, 915. brevibus 499. 599. 790. 1999. 35. 79. sntio G. 1, 915. 9, 319
5551511515 19, 999 519 591791. 755940. go· 5515555115.

5511115155511511511115111519, 51151, 19935 559. 9, 74. 55115 5555115559 3,89 G. 1,
591 559. 3, 5119. 4, 191. 930. 5, 93. 105. 444. 9, 499. 431.

551155 5551511151 E. 9, 55. 10, 45. 999 5, 195. 5011. 702. 7, AE 3,139.19,454.115511551
9. 57. G. 1, 15. 140. 9, 197. 99. 9717059149. 19903. hydri G. 9, 141
391. 471. 3, 40. 393. 337. 19, 839 55151 boninum atque deoru
477. 4, 53. 1114, 79. 191 sanguineo jobo 5113515159, Ε. Ι, 954. 11, 795

55155155 somnos G. 3, 539 9117. 511515 9, 733 551551 quo 15 mentiris 9540.

5515511051151,979 nn 155515 551515 4, 543. 7, 9555551519553

55151511 ambrosio 555555 AE. ,19, loricam 9, 099 551515 od 511555ρί5 9. 3, 914
19, 419 sanguinei 55155115 10, 973 5515115 mptum E. 10, 77

55115 G. 9, 173. AE. 5, 80. 8, 5555515515 155115 Ε. 5, 99. 951515 ntra 5515551111
301 ebuli 555515 10, 97. nr· 5515155151 opizo 55551111,

5511515 5, 80. 7, 191 5551 5115115 buccis G. 9, 30

5515115 per 51155 555155 G. 2, 430 55151515 fimo 5515 1155119
384 sanguineo flagello 151. 9, 703 1, 90

55155 3, 510. AE. 1, 555. 9, sanguineos rores 19540 55151515 nom. som. necdum
354. 7111. 9, 957. 11, 3119. sanguineus Mavors 19, 339 dolorem AE. 5, 1111951111.
399. 19, 553 sanguinis nostri puerum Ε. 9, plur. 51515515 8, 913

55151551 11511515 51555515 3, 45. Nympharum 131399. 55151175155119.9,197
594. 55351155) 51515515 19, 45551551 5, 779. 555151 7, 9515155 111. 7, 49
957 49 Saturni G. 1, 395, 9, 405 AE.

5515155155) undum G. 9, 459 unguinis 55511 55151553, 57. 7, 999. 19, 935

5515151515, inque 5515151515 1115515559 951515155515.[515.1511550.3
linquo AE. 9, 999 sanguis 9, 539. 3, 30. 33. 5, 173. 51. 9, 329. 5111. 1111-

55151115 G. 4, 994. AE. 1, 451. 390. 415. 7, 554. 10, 459. regno F.. 4, 5. 5, 41. um
1515151. 5, 111. 15111. 551. 515. 15, 51. 415. 5111 151555
537 sanguis 51555 5, 935 95151515 1555 1, 91. 3, 33

51115115 9, 387. 5, 174. 6, 93. 55515 G. 3, 493. AE. 9, 991. 3, 4, 99. 5, 605. 7, 493. 33-
roffio 515, 555. 5, 481 515. 555. 111. 11515

551155115155115151115141 E. 7, saniem 3, 539 10, 559. 760. 19, 155. 111Ι
9 sanos 51511515 555555 11. 8, 807

95155 AE. 3, 971 55 9515151511115151155151555111

Sumo 1, 10 551151 G. 9, 943. 4, 977 8, 358 , ,

Samothracia 7, 909 saporem 9, 190. 3, 397. 4, 109. 951515155 551514, 379 dofn-

9515551 mos 957 151 muris 7115155111 31 ‘⁹³' ,

55115, 51515 5555 1111154, 9 sapores 4, 59 Saturno 5, 794 .

5555111555151515115519,950 sarcire 151555 3555115 155514, 95151555 G. 9, 5339333 ¹

1115515 nom. som. 51155 7, 940 7, leo. 8, 319. 357 ¹
3115. anima 19,(148. 51111. 95145155551151 551515 E. 7, 5511115 hyali 155515551515111·

“ plor. 55151553, 543. 515- 41 1515114335

51115 divom 8, 131 5511555111 G. 9, 409 551115 Hammone 151551 Μ
555515 4551515 5555551155 4, 95155555511551555515 M, 199. ,4555155 5, 944 434, 9
575. [1141555 5, 80 738 381. 7, 159
555511 gen. Soractis 11, 795. Sarpedon 1, 1111) Satyros E. 5, 73 -
51111. potres G. 9, 473 Sarpedonis 9, 597. 10, 195 555515 5511 Region 1351
sanctissima 155. o 1515551. 5, Sarrano 151. nom. prop. 1111· 5555155155155 9, 923 11119
55555515 11, 155 1115141 5, 555. quadrupes 119
555515 dot. putri 5, 1103. abl. Sarrano 55115 G. 9, 505 5515555 11, 753. 1111311193
05511559, 79 Sarrano 5515. prop. 1111 9, 454 secundom 555151 1319 ⁰³
5555155 sontes G. 91751355 Sarranum 9, 335 55111115 95555 1955911113
11) 9, 1185. 3, 4115 Sarrastes populor ὣ. 7, 738 ,191151 19, 759 Ε
55551515 5155555551515 l, 495. 551 possim. mr plur. 5515. G. 4, 3, ¹ ·
111111. 51455 9, 700. 555155 5515 G. 1, 113. 395. 9, 350. 4, 1. 1511. 9, 457. 5893719ωῆ
5, 555 551. 15. 5, 355 11, 151. 11, 511. 51111·
55511113.4,45 5515 adjeci. nom. pom. Nocte ’ . , . .. 9,]
55,5155.1,151.551.5,515. ,1115155515 «1555. voc. 111415. ooo. 111 31
3, 511. 55. 11511. 115. rome 0 virgo 1551515. 551. 1, 55. 151. AE. 1. ¹⁰}-
910. 977. 3655119. 539. 551. 5551115515515113, 175 100. 139. 901. 494. ⁶³⁷2ss
555 oco. 5555155151. ..15 Eumenides 1, 515 551. 5, 51. 51 1111ζέ-
1, 15. 555. 413.115.151. 5, sams 5555 5. 5, 511 5551555151. ¹⁶⁶· 2²4
87. 7, 971. 318. 493. 534. 5515 151. sunguine 4111111111. 597. 578. 5, 174. 511. 4 ,

 

