07 11011118. 106

71.0,080.6,000.Ε.6,760. 1616661660400 · .16641611.10,10.0.1,146.61.
11, 060. 438 velocem Prietlu 0116011161 0, 361. 6, 163101. 0111. 8,
vele G. Ι, 373. AE. 1,36. 0, 11, 630. Camillam 11, 760 308
136. 6,0 101. 007. 068. 1616661 Sparte 66111161 (1.6, Venerem G. 0, 300. 3, 64. 97.
667. 466. 630. 683 4, 646. 406. 661161 AE. 6, 063 137 0111. 4, 100. AE. 4, 00.
674. 5, 30. 081 707. 7, 03. 16166161166110. 0, 660 8, 600. 11, 736
0708. 10, 064. 66 1616 116- 1616611161166661161166166- 16116111.3,66.1,61.61.6,
lage G. 0, 41 -lurn 611, seond nempe 111. Ι, 760. 7, 601. 0, 136
16111661 eum amiate 61166161174 11666116 Ε. 8, 78. AE. 1, 306. 0,
6113 verorum e, 666 1111115. 6, ee. nee. 1,
16166166 1, 640. 711 16161 G. 4, 644. AE. 5, 444 566. 10, 180
1616111166 G. 3, 313, AE. 6, 16111161,103 1666111 E. 9, 67
001 16161, 161611 petrina. 1661 666 G. 0, 7. 1166 16 116-
velamur 6611616 3, 646 16616616 canibus 116. G. 3, dere AE, 4, 669. supplex 66
16166611166666611161666061 410 limina 8, 145. 16661 666
0049 venabor 611161 E. 10,66 aspere 6110366. 666616
16166161 corpora 16111 G. 3, 16616611 AE. 4, 131. 0, 653 66 1116116 10, 001, 666 1661
383 venem ferire G. 3, 460 6111 16111 666116661 lecum
161616 eomas amictu AE. 3, ’16166111 11111 AE. 7, 403 11, 110. hue periture 11,
406 1666611161 6616610, 551. vul· 866
16161166111616 myrto 6, 70 6616 106 veuit 11, 107
1616111661 antennarum 3, 640 1666616661661 1666116 11016. veniam 1616. queeumque 16-
velatae 6616616, 174 astringit 11166161 G. 1, 91 euris E. 3, 40
161611 remis 616611,101.1166 166611661111.9,407 1661661 numen 0. 4, 636. AE.
10100 166616111,678.10,761 l, 619. 3, 144 4, 60. 465.
1611161 ramis Pelledie 0164 venatrix Venus l, 310. 166 0, 11, 101. 358
16111661 6616 vittisque juven· 178. 0611111111 11, 780 1661116166 1111616 66616100,
6661 6, 366 166116 pre 16161111 7, 747. 0, 108. auxilio AE. 7, 561. quid
1616161116666 ι1616111616, 164 606 1661161 1, 618
161616161611616610,006 · 1666111 0046 166161 G. 1,09. AE. 6,389
1616111 eomes 8, 077 venetum 116 perant 4, 117 166111 Ε. 3, 88. G. Ι, 37. 00.
16161 66616166 7, 816 , 16661618, 318 180660. 4, 637
161161 0, 8110. 0, 010 16666661 eorpus 6616 1, 484 16616661 E. 0, 4. G. 4, 486
Velini lentes 7, 517. 11116 7, 16661611 6616 petriam 6, 601 1661661116 Ε. l, 66. 9, 60. 61.
710 1611666 E. 8, 06. G. 0, 130 0, 716
Vellnoa 1161161 6, 366 1666111 Ε. 4, 04. AE. 4, 614. 10, 16616661 1, 414. 6, 488
161161 6, 091 486 857 1661666 Lucifer Ε. 8,17 Cyl·
16116 verb. (1. 1,06. 610733. 16666117, 180341 “ lenia proles 6661161116 AE.
10608 166666 (1.0, 466. AE. 0688. 4, 058. 16 corpere 111161
16116 nent. 1, 460. 3, 470. 477. 0, 001. 7, 364. 0, 773. 10, 6, 344. 66 16161161 66 genle
4, 687. 008 0111. 800. 6, 140 Amyci 1111161 6, 673. 661
600. 7, 7. 10, 018. 009 venenum duri 666116 G. 0, 7,018.11666116 66661110,
16111 (1. 0, 106. AE. 0104. 4, 678. inspirant 6161616111 4, 668. telum 66161111 0, 746.
111. 488. 7, 340. 668. 10, 036 Umbro Marsorum 1116611661
571 161161-666111111111661 61034. 10644 161661111111611111,
velivolum 16616 1, 004 temple 661 3, 84 145
16116 G. 4, 448. EA, 640. 6, 1666166616 Eurydicen 111611 venient turn juvenal Ε. 7,
761. 0, 630. 10010 8.4,646.66611ο1161117, 111116661166616008.
vellem l: Ι,10. AE. 4,16. 11, 607 Dardanide 111. 6, 86
111. 603. 684 166616611666111161 6, 406. lig· veniente 616111 E. 0, 13. 616
1611661 6, 436 6611110767 G. 4, 466. 11111616 111. 7,
vellera 11. 6, 0514, 44. (1.1, veneramur 6666 Proteum 0. 587.16161110,041. 111666
307. 0, 101. 3, 307. 680. 4, 601. Apollinis 6166111 10640
660. 0334 AE. 3, 79. 6616166 1661 3, 1661661661166666111 G 0,
vellere 6611111 tigne 4,108. 607 406661111616616116111103,
11661661 61. 8,(160. vellum 166616666 8616111. 3,004 660 6666 10610. huelem
0, 606. apicula 10, 880. signe venerande puer AE. 0, 076 10, 606
11, 10 16661661 suppliciter 61661 10, venientes 10, 077. 10, 446
1611611666 4, 460. 7, 06 000 16616611 Ebuso 10, 009
velleris etri 6, 040 16661616 deut 0. 1, 638. Ne· 166166116660,60. 6, 001
161161 ΙΙ, 163 111661 4, 636 166166111 E. 6, 80. di 6, 889.
161161 0, 053 1666111 AE. 0, 343. 6, 467. 10, 10, 466. 11, 800
161111 aurem Cynthiae E. 6, 4. 710 venientum G. 4,167. AE. 1,
116116166616166 AE. 0, 480. venerate 16661661 venerenda 434. 6, 766
= 6168166611ἀῖῗῆ’“”10’ 1666141161 66116116 761165 1611671861611616 Ham
16111161116611616 6,08 746 pe ¹ vendet tritura (1. 01801661·

 

