36 mnu

16611 3,70.1116111116118, 4,994. 647. 6, 30. 9,100. pio 11661 1691111111
mo. signum 4, 167. 16111· 11,479.19,14.613 copia 131119, 43110111
1616, 436. 16611111 Parca 1111666111Τ16]16161“..9,61. pugne 9, 7911. 6111114,
5. 798. 11111661 7, 383. 9, 11]. 4,163. 6, 711. 10, 99. 307.7,366111 ,1111666111
144. per 16116 166661 cycni, 133. 603 Roma 81111611 7, 71911111·
7, 701. 16611616 511616 9, 111166661716161661613,167. 1116111119,996 ¹
667.6,1·66111,468.161661 603. 4, 366. 669. 6, 660. 61111111 6661.1,339.11616 ¹
19, 694. ruinam 11, 614. 1,167.946.6,161,11,617 3,601
sunem 6111611161 11, 646. 6116166116.3,336.161ς14, 61111 166616,411.66111111 ¹
sugam 6611116 66116 19, 367. 86. 111. 9, 796. 10, 366. ha· 617
terga 1161611 19, 463. eu· 116661 11111 1, 631611 1, 6611166166613,966
neum 11616Ιί 19, 461. cu· 731. 66116 1116111116 6116616 61111 6111614, 996
116616 6161676661 19, 9, 799. 6, 700. 1616 3, 9. 4, 61161611 muium Ἴ
676 646. 6, 796. 8, 708. 616111· 1116 9, 37. 6616611616 111

’ , 11111 6611161361111116616· 6616 6611119616,4,631

116 3, 686. 6111661 civibus 61111111 6616131611411 ’
61111161 equi ’16116111 8, 611 6, 631, 116116, 637. eon· plur. 6116616 1111111111 fl·
61611 E. 6, 79. AE. 3, 997. 934. 16316111 7,433.16 6161669, gum 9, 919
391. 6, 99. 6, 996. 7,109. 66. vulnus 19,733161111161 66116 ventis 3, 705. 1161161911 ’
8, 176. 1811. 11, 733 humandis 166111 11, 9 693
Daphni 166. E. 6, 96. 97. 66. 116166 6, 466 661616166106461111613111 ,
9, 4660 · 66166116169,136 ‚ (11161 1111111111 1166611611731
Daphnide 8, 83 611161 11 166616 61161, 11116111· datos 1110611111 7, 103
Daphnidis 3, 19 1116116699 · 611661 inperium 16111113.
111666161101111161119,96.6, Β616116616611611.6,369.376. 11116,477.1616116111137· ,
91161. 69. 7, 7. 8,68. 79. 406 111661666116619,991.Ιῑ 3
76. 79. 84. 86. 90. 93. 9-1. 6111611616 6,806 jum 7, 947· satisdatum 9,136 ,
1661116164 omnam. 6116. 466 «66. datur 616, Mopso 11. 19
Daphnis 6, 99. 30. 41. 43. 69. 16363 66161161 AE. 3, 679. 16111
6761. 7,1.8,81.83.1(19 numisma 61116984. 11616 111111,
dapibus G. 4, 1331119111. 11161 661111661164, 168 84416661616, afim
706. 3, 994. 366. 613. 7, 6616666111116166116111 17111161 6, 394. 111161176161111
¹95 1,79. finem 1111611116 1, 941 369, potesta 7, 1311111 1
Dardana 61161 6, 119. 7, 919. 6611666616. 140611111661 1161111160,160,μ16111ι11
116111. par. 11166 9, 618. tela 3, 666. jum 4, 669. AE. 6, 6111111ηῂ. G· 64915111
157 161166, 11616661, 161.166.6,116.16.61
Dardanii 11166 3, 166. adjeci. 11161616 66116 1,166. ge· 683. 11, 993
1116161661116 114396 mitum ,1736661 1, 486. Tur· daturum 616161611611111144
1161666161ς6111111,609.6111“1 nm11,377. 161166 19, 713. 61161 11111161 6, 310. W
²2 4413159· 111113- 11190. lucem 116116969811111616 alumno 11, 33 ³
. 33⁵'32‘'·³³⁵2⁶⁷.’ ,11ῗρ. {22222‘2' 11111961133611911136 ¹
⁶⁶⁸ , , 66111161 1616613,611.666 934 ’ ’
Dardanum W‘l‘ffl ⁶, 756. 1666111116 6111 61116661616111 Β66611361113,146. dul&
61611661 7, 989. ponam 9, 4, 6. 10, 917. 1666611161- 786 ,
6116 , ‚ 116161 4, 944. 11161 116661 Daunius 116161 19,793 1
0661161661 716661, plur. AE. 61611616661616,69.16616 11666610,616.19,90 ,
l, 660. 9, 69. 79. 446. 3, 94. plausum columba, 6, 916. 66 Ε.1,11.11.61.6,197,11
5146. 33116711. 6, 36. 439. munem in 11111161 6, 948, 3, 59. 1⁰,20. G. 33711413· ,
7 l · ' ¹. corporo 166361161161611- 9,14 93. 64. 74. ml& ,
1 · 6611697666611116166161 1113. 4, 81. 119. 1611111· 1
mwmffimmm mmmmm& mmmmm&
mm mmmmmmmmmmw

θ”,ᾞ111499611911963., cum 616116, sym 1, 616. 11. 116161. 166. 61. 66. ,

1545 166116616611161 19, 967. 611- 4163164. 394 391. 457· 1
0616616666 7164616616 9, 1611 11166 9, 966. penem 616. 6, 997. 360 311
919419931014 Mnestheus 9, 306 1111116161 606. 736. 6, 33. 6836441·
ὓ914991111611114,640 661 habere nepoti 9, 369 306. 864. 376. 901. 7, 340·
7161616111 66166117,499. 16· 111111 6111161119,618. 1616 939346363619683714· ,
1116631 peetus 6666616116. 166.116.116.161.1,93 1
Dardanio Trojano 1, 494. 617. verba 1161616 10, 639. 1611616 647. 604. 9, 9. 93. 931 ⁴¹⁴·
61698. 11981641. 16, 16,616.1,.6,,ψο.111,ι11. 616161166116119· ¹
111. 11,,466 19,316.16161666616116161 366616666610199-
01116616111111611,696.16- 11, 161116661161611, 1111166191. 12⁵¹· ,
1611614, 696 363 ⁴ 903. 491. 693. 634. 791· 41 ’
Dardania 7161166 9, 787 dagsoem. 6111 6611 portu 16661 166 1166111 611661 puer ¹⁰·
Dardanium 16]611111119,689. ,1, 831111 1,306. co· 743. de 16 111 1111 'W‘

 

