011 1101108.

ciebo 4, tm
ciebant 6, 829
eternus 3,’68

61661 1, 641, 6, 686
cientes 9,166
1111161116

6111618, 364
61116,1,.,,110361118,2,

419.4,4,901,826.10,198,
01111161 1, 1191
6111611 12, 811
6111611611,668
61116118, 282, 11, 188
6111616 1, 612
6166161114, 248 61860666192
cinerem G. 1, 81, 111,4,34,6116611111111116,183
4216148 8,,410 11, 211 6116661611611,10,61,0,1,

mmmmw.m.
mm.’cm.
sswcmm
m mssmm
mmr m.
mhme

111
310. 631,61 10,440.

230.
41
6,

92.

2641
440.
617,
819.

881.11,84.1 619666,

64, 118130. 168, 1914274,
289, aet. 400. 480, 418, ΛΕ.
1,82,66,116.311.412.466,
483. 6612, 138, 218, 288,
. 218, 463. 616. 664, 606,

mmmussmm
ffl.w.m‚ffim.m

611116,66,8,’642

6116161616 12, 378

cithari 1,140.6. 120

citharae plur. 9, 176

citharam 12, 894

0111161611 G. 3, 48141, 4, 323

61114, 614. 6,824, 9,81, 12,

61111111, 142. 6,242

61166, 610

61161611,114

611611, 801, 11, 462

61111111.1,12,111,2,.426,
196 671 8, 489,9,86,183.
11,1141.1111’6.366.169. tc,
612, 683 ’

6111111116, 631. 8, 671. 11, 119

6111116112

61116161118101. AE 2,431, 140, 111, 1, 368, 6, 201. 9, 6166612666

681,,666,81.181,6,,226 1631014

10, 69 6116666110. 6,62. AE. 2, 610,

61116113,.8084,662, 628 6 8,.,4681288

ata. 10, 828 circumstructa? 624,

eriugenam 181,6,649,10,483.11,696,

cingebant AE. 6, 288 12, 416

61636616 1, 28

61636ηο,4,,32 Μ1,618, 693

9,160 10,119 · 611666611619,462

cingeret 6,1191 circumdedit G. 2, 636

6111361118, 266 circumimus, 14

616312, 620, 862 circumerrant Ε, 2, 699

6163111,112,6,689,1,169 carcamlart 10881

61113116 1112821811, 8, 61166666611113,480.,6131

214 611-6661611116, 132

616311612, 611 9, 469. 190, 61166616661111612, 383

11, 486, 636 61166616110,3,368, AE. 1,

6111311111 1, 492, 9, 360, 12, 686264
circumfusorum

6111311614, 41. 121, 8, 699, 12, 6116616161616,666

168146 6116661111161161111, 688

6113611616, 666 circumligat tt, 666

61111111.,’8 106. AE. 4, 683 circumplectitulc, 312

01111611 9, 86 611666111116618, 490

cinxere AE. 1, 898.19,122. 611666166118, 414

11, 416 6116661311112,68

6161116616, 18 circumspice G. 8, 390

Cinyphii 11161 G. 3, 312

circa 61116116. AE. 6,

gilii. 1, 686. 11, 191, 12,

0116118886

0116166110

6111111161,’116

0136869 11.8,10.8,1,20.191.

Circensibus 8, 686

circumcurrit 6, 182

61161610 8,166

61166 AE. 6, 109. 661

6116111111,161

6116611113, 418

circuitum 11, 161

11166111116616,

61166613161111119, 416
circumstant G. 4, 216, AE. 6,
466, 1, 686, 12, 86
circumstare 16906
61166611111114, 661

w· 8, m
circumtextum 1, 649
circumtulit 6, 229, 12, 668
circumvectamur G. 3, 266
circumvolitavit 1, 311
circumvolat AE. 2, 860, 8,233

6, 866
61166616111161264 8,264
61161116, 289
,Cissea 16, 811
,01111111,826.10,106

circumspicit AE. 8, 611, 12,

circumstetit G. 4, 361, AE. 2,

6111611112,861.12,614
61111111, 860

ctsmsn'tt 10, 323
6116116619, 442
clamarem 11, 8, 19
611661661644

circu’mtiatur G 3, 481, AE. 1, 1111111118.4,6111,16611,

6116311111ΜΗ812818388488.
8,128. 4,666,,.,6140227

461,,6498,,8696,,,9396 ι

604, 666, 66411, 1924114,
mmmmwffl
621, 166 ,

clamore G. 1, att. 8, 43 816.
413. 4, 439. 460. 111. 1,824,
61124816666616164,
4303. 6, 160. 1616111461.
6,116 8216, 9, 88. 64466
691, 686191. 10, 266. tta.
199. 896, 11, 609. 888, 12,
212. 261

clamorem G. 1, 362. AE. 8,
666, 612, 10,262. ΗΜ.
818, 12, 618

clamores 2, 222 ·

611661166111.4,16,18,2,128,
4411684110,118, 11,

61163612, 318, 8, 626, 11, 192

611636116613, 226

(11161616. 2, 226

6111ιῶ,1,688.2,669.6,48.
189.664,9,19

claram G. 1, tac. AE. 2, 696

claras 1284

clarescente, 861

611116, 166.1,118.1,11,616

01111113, 316

clariori, 106

,61111111, 414

clarissima G. 1,6

6161616118.6,496

61616 G. 1,460, 614268

ciarum 8, 619, 12, 226

clarus G. 4, 93, 61, 1, 6609,
ῗῗσ. 11, 112, 1161113163. 16,

 

