lo

1111111 G. 8, 347

1111111 5. 3, 110

1111111111 G. 4, 431

Aulsssiylli Ε. Ι, 37. 3, 77. 73.

Amaryllida 1, 5. 3, 33

Amaryllidis 8, 14. 3, 31

Amsryllls l, ³1 8, 53

1111111113. 1535

1111111111 11, 547

1111111111 11, 573

111115. 354. 33. 5,5.17
53 3 3,113

111111111“.’ 7, 343. 401, 5513
737. 13, 55 ¹

1111111113, 71

1111115111 10 51

11111110,133

11111111 1111115111

1111111111,543

1111111113. ll, 550

111111111115, 311 11111103, 710

1111111151111, 430 1111111113,3,37

111511,11151’11151511,111·1111111457
1111 ,11111111 11511111ἰοῖ1111. 11111115. 5, 35. 3. 1, 141.,3
1117111111 37. 4, 353. AE. 3 534. 5,

1115111113.3,.45.131,.343 313. ’374 705. 7, 7333,
33333 53. 304. 335. 537. 3, 345.

3151115753 11, 553. 13, 417

1111511113, 357 11111113.1,4’73. 3,157. 435.

5555. 3, 533 3, 8. 554. 4, 3’33. 514,
151.,.553431’)7.,.·,557111
33313534

1111113,1,303.3,447.133
473. 543. 3, 453. 11, 315

11111511 8, 71. 3, 30

11111131, 115. 5, 533. 4,
333. 313. 373. AE.8‚ 435,
5550, 7, 455. 701. 7353,
5’4. 340. 3, 134 10,133,
30511405

1111 3, 3, 73

1131711757, 510. 3, 755. 5, 53.
5, 453. 3,133.5’53.4ω.’444.
1171718111 G. 3,37

1113133. 3, 133. 3, 337. AE. 5,

735. 11, 353, 13, 335
smisso. 5, 541
1111111111 3, 711. 4, 575
11111111 ll, 373
amissis G 4, 513 Ε, 1, 351.
474. 5, 371. 553
smisso G. 4, 313. 5, 357
umissos G. 4, 513. AE. l, 317.
1, 111
amissum 5, 514. 314
Amiterna 7, 'llll
smillebsl Ε, 5, 353
11111111 11, 4113

1111513111

1151111111, 551. 3, 130

1115131113, 33

1115111111 5 335

1111111110, 343

11151114,’333.7,333

11111115, 550

1115157. 13, 343

1111151111111,.’4,.415 51. l, 403.

1111511111 13 501

⁸ smbuslum 13, 333
11111113. 4, 371 111111ιῶ. 5, 734. 5, 553

1111113, 455 1111111117, 50. 3, 31

1111111313, 314. 331. 745. 4, 1111111113. 3, ’33 4, 35
303, 373. 7, 4501 3 434 473. 111111· 111111· ,11111111111111
10, 551 1’3, 533, ’.743 775 111111,11111111,11111111,

1111111113. 3,1’155 1111111515, 1111111111 pseu·

1111111131, 355 lisn' 1111111

11111151. 3,3’55 Amphion 5. 3, 34

111111 5 5117 111111111711111511 53105

mici l, 4353, 93. 5, 557. 1111111311115115,314
350.713.353’.5,143.3,1111111115.5,333
1731111111 1ο3.3,’3

11111113, 147. 373. 5, 41. 770. 1111111731, 73533104, 35.
3, 135’ 10, 455 111111111111,115

111111ῑί1 11, ’331 1111111113 3, ’43

1111110117, 545 11111111111111. 3,353

surico 3 455 1111111115, 351’

1111111113. 4,115. 155, 5711, 1111111114, 535
103 111111113Ψ3557513μ430

11111111, 515 517

11111111 1, 4133 405. 545. 5,7 ,111111136313
553.3,33.117713,401.1111111 535. 3,333, 555.

1111111111.. 3, 45.’13. 1, 557.

1111111115, 431 3,314, 5,51’17.5,35. 551.

1111111113. '8,³88 75. 5, 507 5, 134. 405

555

1111111 G. 5, 70. AE. 5, 513.

1111515353
11111113.,.3105 G. 4,.513
,1,’533,3 133. 3505
53435 sti. 1131113,
amplarum
1111111117,555
Amyci 1, 331. 5, 575
Amyelssi G. ³, 33
1111131113345
Amyclis AE. 10, 554
Amyco 10 704
1111111113, 77313503
1111113374
1111111111.’3,35.33.1,33
5, 3. 15. 13. 10, 37 88' ll
AmylhspnlusG 3, 550
1111111111151117111111101
1111111
1113111157, 534
57101011ῗέ01ῗὲ ’130533
Anchisa 3, 475. 5, 344 831
53333317153
Ans’hisae l, 517. 4,3lil 07
5, 31. 9'8. 535. 553. iii
111. s, 111. s, 111. 11
1111111115, 751
1111111113, 537. 747. 588
{79 710. 5, 514. 5,570 71
Anchises 8, 537. 3, 3 888·
411 111. 111 soe. ⁶1⁰·
1111111111111111
557. 535. 507. 7, 18³ 888
3,153 13, 334
118511111515, 135. 545
11151111511’,5 407 8 88]·
10, 350. 533
1111ὴῖ111, 153. 3,377 88·
1111117,155
11111113, 554
1111111155553
1111111 11115, 554
111151ιὶ3, ’47. 7, 535
1111115, ’315
1151111113, 533
1111111131
1151131113, 571. 353
1151111513, 457
1151111113, 458 &m
313, 433
115111111111113,337
11111115. 3, 43
11111111 ,57, 11, 533
111 11 G. 3, 437 ’15 8, 888
11311ἓ11ἕὲ73387 588
11 1
{u 304 5, 573,
5, 353. 457. 537’
1111111113551
11,.1111,111,.1161
305. 344, ’3,184 81487
AE. 5, 54. 3, 300

11311111 7, 753

 

