01ΙΊ wortDs. 62

61. 11 111ιο110 10111 G. 1, 894. nent. 011. 1101 7, 24 festina 0001. suin. scuticam 9,
408. 81110010 india 2, 117. 111110011ιί1 G. 3, 107. suric- 488
1010011111111Μ10112,126. 1010101111 AE. 8, 230. 9, 111110101101118111111110177.
11001110 pharetram AE. l, 72. 350 736. 10, 788. 12, properanti, 156
501. vestes 3, 483. 1011111111 293. 325. 748. 951 1111101111 fugem 4, 575
aurea 4, 378Ι refertque 61· ferulae E. 10, 26 1101011100 2, 373
101 ,8711106438111110 im· ,11100111110111 AE. 7, 489 festinem advertere 11101110 G.
111011010011011111 1110115, 11100111711101111.2,46 G. 4, 4,117
219. via 10 00011 11111- 377. AE. 1, 702. monstra 111111 diebus 1,268
10111116, 295111001οε10· 111101 G. 1, 186. 0111001101 111101 dina 2, 527. AE. 6, 70
1001116, 676. 1110011111 rub ad 1111011 1, 362. arma 1, 61111 Ε.8,58
11110011 pontus 6, 729. 11 511. AE. 9, 133. 12, 586. 11610 G. 1,484. AE. 10, 176
ad portam 6, 900. 010101 franguntque 1171018011 G. fibris G. 1, 120. 3, 490. AE. 6,
0001001100108,310.11001 2, 441 01101101111101111· 600
111100101111 11011110 8, 501. 1114, tr. ciunt, referunt AE. fibula 4, 139. 5, 313. 7, 815.
lumen 11101 9, 75. 1110111 2, 230 3, 4166284. 7,765. 12, 274
jacit 10, 127. ’1010001 10, 189. 11011011,11111111 4, 10110001111101114, 188
01001010111010,665.1110110 399. 5, 557. 8180. 11, 91. 11110 1111111111 0. 2, 45. 11111011
draconem 11, 752 juveni 172.οοηο 5, 101.8,284.61- 012, 107
tumultum refert 11, 897. 0101010111105,832.11(10011 601011100101111019,602
101101111001 1011111112, 0111111111 5, 843. responsa 50111101.]’011.1111101111101’1011
36011 pertiae 011 Turni 1111 1010168211ιο 11116, 01110112,23.110111111101·
12, 866 400. carmine 11011 8. 288. millae Accu 11, 821. conjux
11111 pedem Fanni G. 1,11. legati 111110011 11,227 00 12,271.0101.11101.111110011
arma AE. 2, 668. 1111110011 nuliam angust· 110011 11, 2, 377. 1111011 2, 400. 5, 24.
3,629..11010111,114.11111 526. jaciunt 12286. 10· 1111111111 3, 112
8, 119. ferrum 9, 37. 10111 1011 12, 361. accitum af 111· fidem 10111115, 547
10,106.11110110,011.11111 1011 venti 12, 455. Pergama 601111 11017,235
12, 573 evertunt 2, 374 fidens 71111011 duplici 11101016
11111Ιί1060111101010.2,185. feruntur uni 110111 currunt 1110109, 707
0111101011οι 2, 191. teitus 6,157.1’01100016,567.11111· fidem G. 4, 213. AE. 2,161.
2, 252. 11110 juvencis 4, 011 parribus 7, 156. inter 541. 6, 604. 8, 150. 10, 71.
128.11111014,142.110100111 teia 7, 673 11001010111011 792.11,511
AE. 9, 136 9,121.10 0101011011011111, Fidenam urbem 6, 773
111111 pacemne 110 arma? 8, 9060100010 12, 576 fidens animi 2, 6111011111 5,
114 fervore 10, 578 398. equo 10, 181. cor·

111101110111101110 G. 1,511. 111101160101101111110101110· pore 10, 845. {uim ΙΙ,

101111μοῗο {³2⁰3} 3³3³& 111111111016401,111.1111 1350111100 ’,1110111
893. 7, 208. 735. 9, 82. 114,466 789
equis 1, 476. 5, 574. in 1111 Fescenninas 10111 7, 696 fidentem fugi G. 3, 31
2, 498. 5, 215. 10 11011112, 11111, 1101110111. juvence 8. 8, 60111 divio AE. 2402111111
611101 cd 10111 3, 40. 98. 85. nect. 00111011 111 4, 6,800.1111117,290.110011
0111101011015,33.111100- 522. numina mea 0111101 9, 378
11 0111111 5, 863. curvatis 7, 298. auimuiia 8, 8101101101 1, 292
11111111 turbo 7, 381. 0 06 1111011101. 01111 G. 4, 180 6011110111. 2,148. 1109. 3, 69.
pura 1111111 8, 549. 1010 [11111011142660111118. 1, 375. 434. 4,12. 373. 652.
101111101601 ι11109, 553. 168. 5, 29. 0110010 0111111 697. 6, 346. 459. 878. 7, 365.
0001 011111οξ 101111ῗὲ100 1101 110111. 11101. 111001 1,178. 601’00111.21181)01.210101111101ω6,408.
rit in. 610. 11. 678. 1110010- 10111· sctrgcti 2, 109. 3, 276. acc. Penates 7, 121
1111000111,730.10111(1· 6, 327. 717. 8, 607. 11111 60111016, 120
111 12, 346. 0100110 abrup- 11111011 8, 489 nutricemque? 11, 706
tum 12, 687. 10 terram 12, 111111010011601811011200. fidissima nrmscm. 0111111 12,
865 fatigatis 6, 46. 111. 3, 86. 6, 669. 101. 0 apes 1101111111 2,
ferventer 10111 11, 196 616. 106111 11, 336. Latinio 281
fervere omnia vento G. 1, 12, 593 601100001111111101111015,69
466. littore 11110011 AE. 4, 111101878. 668. 5,41. 11101 110111 01 pedibus 10, 372
409. 1111011 flammis 4, 667. G. 4,190. AE. 2,253. 3, 611. 600 anae 7, 640
Marte 1101111 1110011101 8, 9, 814. 0101015,845.1111101 1100011 1, 132. 2, 75. 162. 8,
6771101110 0110100119, 11,913 396. 9, 126. 142. 188. 10,
693 ferrum 3, 710. 5, 463. 6, 846. 152. 276
11011110011111116.1,327. 1111111110111112,696.11- fidum 01001101 1, 118. 11·
01101 4,169. AE. 1, 436. 1013,681.001011’1111111111 1101 6, 524. Achatem 10,
regii? mximam 7, 1111016008. 4, 403. AE. 8, 232 1001210600 1, 188. 6, 158.
397. erut. 11001. 0101112, 1111 110001 2, 249. 6459 8, 521. 686. 12, 384. 1111-

 

