36 mou

11611113,70.1161111166113, 4. 224. 647. 6, 30. 9, lm. 611116611,620.11,241
666111 111116, 4841661
wne 9, 720. 6111114,

660. signum 4, 167. 16111· 11,472.12,14.613

11116, 436. 11161611 Parca 1111611111Τ16661111111.2,61.
6, 708. 11111161 7, 383. 0, 61. 4,163. 6, 711. 10, 92
144. 61166111 166661 cycni, 133. 6413

.7,306.111611111116111 1
1161111 6111111117,709.11611 ’
7,701.16111111116116169, 011611617166111111613,167. 616111112296 .
1167.61’61111,468.111111 603. 4, 3116. 662. 6, 661. 6111111111111.1,382616111 ¹

mmwmmmzmmwwwaffl
11111111 6111111161 ΙΙ, 646. 6111 111611 (1.3, 33611161 4, 611111611643161111110,

1611111161611 coelo 12, 367.
terga 11611111 12, 463. 66·
noum 11111611 12, 463. 611-
1116111 11171111 sormam 12,
daiga 6111116, 686. jum 8,
affl, 11611 Teucris 8, 611

86. Ε. 9, 706. 10, 366. 111·

617

61611 11111 1, 63. jum 1, 611111 1116116 8,266
731. 66116 11161111 circum 61111116614, 226
2, 702. 6, 70011611 3, 9. 4, 6111 66111 4, 60411111 8276

646. 6, 706. 8, 7118. 611111.
6111 11111161 3, 61. 1111111 11-

6, 631. 116116, 637. 666-

1111 9, 37. 6111 1111111111 nl·

1111 6111121111,4,663 6
110 3, 686. 11161111 civibus 61016161111311111122. ²

61111. 61161111 1111616111 11·

1166118. 6,79. 6132272114. 61111111 7, 433. 11 616166 9, 611112, 219
3111. 6, 02. 6, 226. 7, 1111. 66. 1111161111,733.11616111 6111111611137064116661111,

mmmm

humandis sociis 11, 2

1711611111 166. E. 6, 26. 27. 66. Daren 6, 466

ww
Daphnide 8, 83
Daphnidis 3, 12

211. 61. 62. 7, 7. 8, 68. 72.

61111111112, 136 ,
6116111 11116111 611111, 6111111- 1111111111617, 103

· 61111111 1111 ’111111ιί11 1,]11.
Daphnim 11 Daphnin 2,26. 6, 011111661161661.6,360.376. 11116277.ὶ

tem 10, 629
406

623

611611116106461161612129
61161116ιί66 Bacchus 1, 734

11116111 6, 631·
111 611111 6111111 2291111

66666661ωω166ηω ωωωῌω

100102. 104
Daphnis 6, 29. 30. 41. 43. 62.

mm

6761. 7, l· 8, 81. 83. 11111 111111116,483
61616111 G. 4, 213. AE. 1, 210. 61111 661111616111 4, 166
706. 3, 224. 366. 618. 7, 1111 accumbere 166111 1116061

126

1, 79. finem 1111611116 1, 241

111161116111116, 119. 7, 219. dut poenas G. 1, 406. stragem

111111. 6
6, 67

Dardanii 111613, 166. adjeci.
11111111 611116 10, 326

Dardaniae gentis 1, 602. urbis
161616166
6111611111 7, 766. Datim 111-
ἒ1ἑ82, 326. plur. 6111111111 4,

Dardaniam 6161116 6, 766.
61111161 7, 289. 66111111 9,
6116

1161611166· 71661116, 61111ὣ.
l, 6611. 2, 60. 72. 446. 3, 94.
6, 46. 386. 676. 6, 86. 482.
17ὲ 1162. 0, 203. 660. 10, 263.

111116166161 91111111 10, 646.

17111161ἓέ611 Trojam's 11,383.
ἡ, ὅ)

1111161111611111 7166116116 2,
mmmmm

Dardanii 61611114, 640

Dardaniis 66161111 7, 422. 16-
111 10, 6311

Dardanio Trojano 1, 404. 617.
6, 169. 8, 14. 0, 88. 647. 111,
81411, 400

Dardanios 1111111161 36606. 66·
1611664620

111. 11111112,618. 1611

3. 616. jum 4, 662. AE. 6,
7681111611 111111 1111611 1,
11161611 6111111 1,166. ge·

1111111 aee. 6, 460. 463. 476. 61161 Nisa 1116616 11821.

66611111 AE. 3, 67011161
61116,284.11611 111111»
844. 1161111116, ,111111
6, 894. 1111111 711661,

Messapo 0, 160. 6111611111
6111111611. G. 1, 22⁷1&

16111111 6111161 1, 486. Tur· 6111111116 116161611611 12661
1111111,377.1111111 12, 713. 611111 custo· 6, 360. 661111
lucem 1111112,698. siguum 1111111116 11, 33

Misenus 3, 239. 610. buo· 11111611 616111 10, 891

61111 11, 474. 611 12, 246. 1116111111. 10, 688. 122
61111161 juveni 3, 611. 1116 934
6161161116116111166111111 6161116111116. 611141
4,6.10,217.1611111611611· 786

11114111 4, 244. bina boum Daunius 111161 12723
6116111111 naves 6, 62. 11616 Dauno 10, 616. 12, 90
6111116111 columba, 6, 216. 6117.1,17.77.84.3,327134·

munem 111 naves 6, 248.
6616616 longos 1611111111-
guis 6, 276. 66111111 senior
6, 729. munera 7, 243. uo·
11111111 1611161 7, 6117. 16·
61161 11161166116111 7, 676.
1611166166111111 12, 267. 611-
1611 Dido 9, 266. 66116111
Mnestheus 9, 306. 61111111
611 11611611 nepoti 0, 862.
tibin 6111161 0, 618. 11116
6661111 1116116611 10, 426.
verba 16111111 10, 630. sonum
1061611161616616 11, 172.
12, 328111611611611116161
(62, 227. 616611116111 12,

Dardanis 7166111112, 787 6611 611. qn& 6111661111 ruunt

Dardanium 7166611161 2, 682.

. 1, 88. 1111 1, ³⁰6. co·

81 591 1012016- ljawnffl
26666616
166. 4, 81. 112. 101111.
6Μηωπ166
&mmmm
43.216.163.111.611. ⁶⁶2.
41163164. 324. 327. 461.
616. 6, 297. 800. 118
0116. 786. 6, 38. 6886461·
mmmmm.
232. 346. 366612. 688. 7116.
66Μ66666
647. 604. 0, 2. 23. 284. 414.
⁶30. 697. 10, 187. 262231.
301). 388. 478. 486. 707. 712.
441331. 341. 891. 12, 61.
208. 421. 621. 684. 702. 61
me viderit 611611 61111101
746. 61 11111 1111 1111111

 

