OF WORDS. a

444144418161 14114444141448. 3563 14 ,11141114Μέ11ιῇ ,789
invertisse ιοιιιιιι 1441448, invisum ιιιιιιι. me 14144 324. 141411. 3, 767
526 44444441414516441443 141442, 57
invertit 414144 444311, 11, 364. neus. genus 1, 28. 1444 6441448 2, 108
202 sumens, 571. 4444154119, 144141444444218211. ιιι-
1441 Castrum 6, 775 496 415 193
ἰιῖἑῖῃωέι.38,1344. {Galoggils' 1418444Ι hg? ίἰιινιίιιιὲι cazlau {omos 64411448 674}>
s ιιιιι ι us ι ι o 444444 ι
537. 144114]41411ιιιι4,151. 141114 som. 1411441 Turnum 14197411. 3,60 13. 1, 380. 4,
reg ιι 11114 5. 154. merie 12, 809 355377. 6, 123 7, 919.
’1444149130 1411114 4141 spem ιιιιι credero 514
1411414 54114 dextere 6, 1411448 1, 224, 4111414441 741448.1,125.ι3.1,783,
878 sequor querimus AE. 1⁰, 223. 4, 205. 5, 584. 7,
141141444414412, 191 213 189. 8,353. 9, 83. 624. 12,
14114144 6, 365. 8, 293 1411144 mc 4444144 4, 493 496
1411411444444411454444141ι1415444481,3112.414-74118.2,15.ι3.3,279.4,
44416, 394 1141141444 111.5,292.11·1- 199.638.7,133
141141141111411, 306 4444441141141441141444· ,14114 11. 3, 60. 4,.49 8. 3,
14114144 quem 'dedit elypeum 411115, 4801114444 solio 181. 332. 43. 1, 42. 46. 394.
10, 248 4441448178 3, 681 4,917131 614. 5,
1411144, 44444411441411144, 14111441 floribus horti 8. 4, 255. 726. 747. 784. 05867,
4111414444 1411. 1, 11 109 220287. 308. 8,.301 320.
1414141 44514 regne 4140 G. 1, 41041 444 decedere 441444 881. 640. 9564. 673. 716.
504. 44 4414ιΙ eroes Rome· 23 10, 567. 758. 11, 901. 12,
4444444414 AE. 4, 234. 41· 1411114111143.2,412 144 247. 849. 878
5114441144444441448,509 1411144144444111444410144- 14511442, 349. 435514
Apollo 4411544 ermis 444 4411. 6, 85. 44141448. 10, 1444, ipse, 14444, roser, 1444,
14111419. 655 1441, 14414, 1444, ipsorum,
1411114 nom. G 3, 37. quse 1414144 44441 14 11114146, 460 ipsos, ipsum, possim,oe sed
144144 est Teucros 4444 144114 gen. 11, 847. plur ordioss'rsg 4141144414.
ders 4444414144ιὶ AE 4,4411444ι·14,659 144144144141. G. 1,4ι“ι9. ,3.
3504512110. rumpentur 144111441144441144442, 670 1, 114. 2, 772. 5,.535 6,
1114 CodroG. 7,26 quem 144114 mr 10 739 398
44114541441141444161. 11, inultus 441411 emeres G. 3, 144144411441414444413 syllaeo
337 227 144445, 65. 419. 8, 484 11,
14111144. ο5 14111144 441444 inumbrant toros 4514414 frou 747
44114 19, 852. 45 14111144 114111. 11, 66 1148. 4, 236. AE. 2, 316. 413.
4414441444 15539 inundent sanguine sossae 10, 5754178 5, 454. 706. 781.
141111449444411114144444· 24.11,382.144411444412 0407. 7,46·2. 508 8230.
145159υ1541941917311.2,39.1.1·4125541141447140 799911741 73³ 617429336 9499
541444414444 4411154444- involvens ιιοι umbra 141144· 12, 198. 527. 946
51447,.581ιι544118.2,.499 que polumque 2, 251. 114411. 3, 818 4,4.53 AE 1,
544411 AE 5,.541 1444 obscuris vers 61004441 ll. 139, 2, 5347 ,15 396.
fortune 4111111143 navemque virosque Αιιι· 345. 8, 409 ,.66 68810,
141141144141114 4441414148. 14103304444441114441· 716. 813. 11,452. 12336.
4158144414 pueriAE. 9, menta, 144 4414441141 12, 494
ooo 689 114411, 4. 251. 8,60. 10, 758
1411414594 pignus peois 11, 141411414 1444140144444 1141441, 25. 4,532. 564. 12,
363 Ossae G. 1, 282 499. 851
ιιιῖἶιιιρ ugo [ιιΜιι 44145114 sves 14ἲιό18141411444145113.3,14543ἑ1.ἐ,114.ω89338ἷ527;,
144114 mnes
4,246 4444414541104111. 141411ι14ι4144777 . 694 3, 366. 4, 197. 5,.461
2,574. 444115114414411414- 14141111441444644414 G 2, 7, 306. 446. 755. 8, 432
ne. 2, 691. neo. regns [1114 3981444444114144 618, 9, 464. 10, 253. 11, 342.
8, 245. heo 144ιί44 rolin· 253 798. 12, 314. 599
ιιιιιι 12, 62 14141111441114 eris 4 1414444 114441 14 441444 114411 seem
14114414 6114444 4441114 (1.2, 44441 inq ιιι humeros 12, 8.3,.232 4444414444111·
189. 61. 4, 541. 14444 531. 292 1441910414. locor·
411 m 7, 2931441444 9, 1444414414441444144444· 44414414114414412, 194
7 ,11144 11, 177 11ι8.3, 158 , 114144 4141448 2, 297

invise 6444 Latinos 11, 688 inusitatorum cingitur ὦ. 2, 114 4151 videor psr ιιῖιιῐιῖ.
1414444444 (1.1,25 6444 510 10, 59. 1411448 457.
4144114138, 159 14411114544448. 1, OE. ιιιιιοι AE. 3, 44 310. viem G.
141141, 414544 141141 11411446, demoror AE. 2, 547. 4114 114 3 77 111. 4 468 jugis Ju-
698 1111514144 1418. 3292. eitum 1141
741411 Apollo 11414414 144 1444444141144 7,490 441141444108444 144.

 

