01? 11011113. 119

uorum 1161616166, 104 1161161116 1113444 noves 16661 F.. 3, 29. 11166 9, ³
nondum G. 2, 322. 366. AE. noun 61116163, 616 14. 116 66 G. 1, 22. 346.
3, 1119. 4, 693. 6, 616. 637. 661616 signe decoris 1111161 11616661,90.11661166 2,32.

6, 77 oculosque 5, 643 61166 AE. 1, 667
66611611.2,14.(1.3,103. 661611 iocum 11. 3, 63. 661611- 66161111611666166161666616

216 66 16 6611166 16ςί 6, 14 6, 604
666 16 sciebas? prononoe 16 6611166 sumto 6166111 AE. 7, novellos 11166 E. 3, 11

Ε. 3, 26 233 novem 6167161611 AE 1216.
non 6116 6661166 1, 22 66111661 Antiphaten 9, 697 dies 6, 762. Jngen 6, 696.
norom matribus 1166666116 Noti tendunt 1616 3, 263 corporo 12,2711

similes 1, 24 661161 6619111 Delio canibus 6616166 injuste E. 3, 33
6616616666 componere AE. 3, 6661116 familiarior E. 3, 67 noverum G. 2, 1166166113.

317 66116 grandibus maculosus G. 7, 766. 10, 339
606616616616 4, 423 3, 427 novere 66111616 6111666166 G.
1161166 castelle in 1661611611. 6611616611166 AE. 6,499. 1161· 4, 166

3, 474 116 12, 942 6611 reges 4, 21
1101161 666 61 11666 2, 463 6611661166 semi insuioTenedos novies 4, 430. AE. 6, 439
66116 Veneris 666 praemie Ε. 2, 21 . novimus 61 qui 16 Ε. 3, 3

4, 33 Noto Austro 161 661116616ῑί6 novis frondibus G 2, 369, 00.
661661 666 sidens 6, 641 renio 1, 616. 6, 242. 7, 16111161 4, 306. criminibus
nosces 16611 661 gioria laudem 411 AE. 2, 93. ervis ³, 136. su·

11, 703 6616 cdj. odore 7, 430. 16· uris 4, 600
116166 crines insonsque 616616 1616611496 ’ novissimo 11661. plur 161116 4,

166163666616309161116- 661661611661,634 669. 6, 231. mandute 11,

16 6161661,6 16166166 12, 11616666116,511.16,166. 326

376 .. ι 1119616, 314 6611166666 2, 493. omnin
ῃο111 1111111311ῧέ ‘'⁰'' 3111111131613 ..111636 roo
661161 Ε. 7, 21. AE. 2, 149. 4, possit 5, 6 6616 16616 Β. 6, 67. AE. 6, 73.

307. 7, 312 , 66166111666666666616611616 161611161161461616
66611 61 supremum 6661661 Daphnis Ε. 6, 43. 16· 1,233.1616164,142.16·

egerimus 6, 614 1611 super seihero Ε.. 1, 16166 AE. 4, 634. 9, 469.
6611111161 E. 2, 7. G. 4, 324. 379. Uiysses 2, 44. 66161 regno 9, 696

AE. 1,696.4,231.7,163.4311. 3, 339 66161616 comitum 2, 796

3, 614 Notus ,461111 G. 1, 444. AE. 1, riovos 66161 G. 2, 332. 16666
nostrum 1, 330. 3, 163. 6, 646. 36. 103. 2, 417 AE. 1,.1117

763.766.7,93.271.10,431. novenum. som progenies E. novom 166 E. 2, 22. 666161

12, 137 641. 666 nostrum 4, 7. experientis G. 4, 316. 6, 71. 661661 6, 37, sidus

1616116666616666161116611. 166 AE. 1, 4601616161111 G. 1, 32 mnne 3, 326. pro·

3,.103 3, 691. inopinave 166166 6, digium 111 3366661166
6616116111.,16111.161616611. 104. iux 9, 110. 731. 3,(137

3. 11111. 66 66 his 1116616. g10r1n11,154.oo1.moiou.· novissungnisposisis 61611116,
, 111, 757. mihi 16616166166 3, 370. 1616116166 4, 367. 3, 437. 61. 2, 473. pavor
12, 303. 66116 6116 2, 401. 61611116 AE. 1, 430. fronde 6, 2, 226. hospes 4, 10. 16161
imagine 2, 773. regione 2110. 6116 7, 477. coede 3, 5, 670. sangnis 7, 664. vc·
1161661 2, 737. neon. pior. 696. 9, 693. 10,616. viriu- 61111166616111,637.161661
flumine E. 1, 62. pubuln temucte,puer9‚6-11.pugnm 12, 367
G. 4, 266. tibi 1111616 111. sorte 126466616161. 661- nox E. 9, 63. G. 1,247 AE. 1,
1,669111161611616662266. 61166 3336161166 AE. 1, 69. 2. 3. 260. 360. 3, 147.
, 116111666166166366716· 620.666111161,667. [1161116 193. 612. 637. 4. 362. 461.

16161666,221.11611667,491. 3, 240. bellu 11, 820. 16616 622. 6, 721. 733. 6, 272,

16616 7, 6011 divortio 9, 379. 7, 393. 11116 10, 36. gaudis 639. 366. 3, 67. 369. 9, 238,

11111111 miseris oru 11111111 9, 10, 326 11, 2111 12, 346

472 616661611,196 666 66161166. 611116 G. 4,232. 661616 611 unius 1,·11

16611616 [16166166661311116- eunhsgiois ,1116366 6611666111. pior. 661 16 6,

11112619 vires 12, 424 7316616161116166 ,326
116166166166111.3,100 66161661661666666616 (1.1, nube G. 3, 617. AE 1,616. 6,
’ 66116 6161161111. 6341116112, 71 616. 61666411 16, 636.

011 6616161166 1661 66116 Ε. 1, 11, 693. 722. 12, 62. 264
nolu 11616166 6, 37 71 6611616 G. 1, 361. 442. 21109,
6616111 16116 tempore 66611611 661661 urbem Β. 1, 622 4, 60. AE. 1, 630. 2, 606. 3,

pecudum 12, 174 novamus 11666161 61611166 3, 672. 6, 20. 7,143. fl, 623.
notes paludes G. Lasia 66· 139 693. 9, 33. 10, 309. 12, 342.

rao 3, 261. voces AE. 6, 66166616 rebus 4,290 366

639 661661 11661116 6, 762. 1616 7, nubes 11 6, 67. G. 1, 326. 462.
notus 61 6616166 genlisinusunt 630 4, 667. AE. 1, 33. 143. 6117,

(1.3,163611166116616611- 6616616111 16616 4,260 3, 62).

 

