70 INDEX

13. AE. 2, 471. 6, 634 7, 666. 16611,161. 66111616661 gregibus 3. 6, 33. G. 226413,
302. 12, 416 puerum 1528. Osirim 12, 63 633
11616166Ε.6,46.0.2,213. 463 gregis Ε.1,16.7,7. 10,36
626. 11, 144. AE. 3,637. 12, 1111666601 centaurea G. 4, gremiis [Β. 9, 261. 10,73
664 270 gremio 1,636. 632. 713. 4, 34.
gramineus 1111 12, 113 graveolentis Averni 61. 6, 201 6, 31. 3,·106. 16116111 3,613.
11611111616111116116 316161161113. 1, 60. chely· 16166161 6161111116 ’116116
11161166111111 7,106. 1611111 drus G. 3, 416. 161111 3, 626. pigebit 7, 233
3 176. cespite 11,666 1666161 AE. 10, 321 gremium G. 2, 326. mu· 62
gramineum 6116116116237 gravescit 666161 11616 (1.2, 3, 713. 11. 744
gramini· 1161111116 Ε. 6, 26 423 gressi por opucu 11616166,
3116116111 apium G. 4, 178 gravi veterno 6116 1, 124. cu· 633
grandevus Nereus G. 4, 332. 11 AE. 4, 1. 161611 10, 63. gressu incedit 1611 1, 630
1111116161. 1,121 1616611126 gressum 1, 401. 410. 2, 763.
1616111666 G. 2, 246 gravia 11661 1616616161116616 6, 162. 6, 333. 677. 3, 462
grandin 1161661 Ε. 6, 3611116 1146411161 10, 336 11, 23. 33. 366
, 10, 26. 6116 G. 1,437. 1611 gravibus 11111111 G. 1,436. vo· gressus G. 3, 117. 4, 360, ,1.
4, 26. AE. 11, 623. 1161116616 1111611263. 1111116111140. 6, 643. 10, 640. 12, 386
4, 406 remis 111. 6, 114 gruem 11, 530
ς111111661161116.1,127.111- gravium fruger G. 2, 143116· grues (1.1,120376 AE. 10,
6131196 661161 2, 160 6611111666- 266
1166111614,120.161.6,463. ,111113 133. 11616 11116 3, 11611161613117
3, 663. 10, 603 276 Grynei nemoris E, 6, 72 ’
1161616116161 G. 1, 136 gravidam uegetum 1,313.161- Gryneus Apollo 111. 4, 346
μ6661,443.4,30 111111611661 AE. 4, 223. 511611613327
111116611117.3,233 1601161616 10,37 gubernaclum AE. 6,176
gratare 161611 4, 473 311111111116161 G. 2, 424 363
gratatur 11116661 6, 40 gravidi stipitis ὦ 7, 607 gubernaclum 6. 343
‘ratur 6111611116 1, 600, per· gravidis aristis G. 1, 111 166111116111111 3,263. 6,12
11110.111612, 637. 616111 11, ε161111161116113ᾼ666111163, 6, 337 m
37 1616,
grati 1161 11, 127 gravido· 16161 4, 231 argiro E. 6, 76. G. 3, 446. 4,
1116111111 611 11616111 111111 111111111111111116, 6 337. 336. 624. AE. 1, 1132.
G. 1, 33. 11611 61. 4, 639. 7, gravior 16661 4, 200. 616 407. 3, 137. 421664. 661
232. 6611616 1611 vivis 6, 11111161 111. 2, 436. 11661161 160. 203. 814. 6, 310. 711.
663116666116111611167, 3, 632 7, 704. 3, 23. 816. 111663. ,
402. neu pum 161161 pur· graviora o 116111 1, 133. 1111161 11, 233. 624. 313. 12, 114
1616161163,233 Μ. 6116661161111111- gurgitis 0. 4, 321
111661111111111116116 pu· pedum 111 111. 6, 34 gustassent pabula 61. 1, 473
gina Ε. 6,11.61111116161 gravit 616 dextra Ε. l, 36. 1611602246. AE 3,23
equorum G. 3, 211. umbra cantharus 6,17. 66111110, guttis paribus 1111 corpor-u G.
31111ςέ1111ΐᾷ ⁶⁴,AE 4οἓ 2ιέιινξιξιὶῑιὶ {⁶333 {gzubgbssbuouueutu ἔδω. humectat 616 16 11,
. , . 61 , . 1 . mnu
6,344 spiritur 3,606.’616111μ11111 guttur 3,261
1161111161 sum. 116111. ,rogum 4, 43. vietor upum 1, 34. guttura 6, 421
1111116,111111111111 ,7, Μ1111161166 11661661 AE. 1611611111. 14104231 Ar.
61. quie· Ε. 2, 263. 161161 1, 274. undis Μ61116161 gru· 633. 10, 343
3, 73. murgi· 116116 6,123. 111616, 173. 1616 11616116- 016 6, 163
’1“166111111110,163.111.666- minutum riqult unguem 6, 011111 1, 222. 613. 6, 134. 221
jux 10, 607. animo 1161116 274. 11111311 droti· 36111- 10, 318
uuum„ 1. ., 1116613111 111111. ...
166616716111 Ε. 3, 64. 111111111116616447. 1116, Gy 611762
Τ6166161613,327 7311666111110116111 6616. 61110116 nour. propr. 12271
grurus parentibus error 10, 661111224611616161, 10, gyro 7, 373. 111334. 11633
332 207. 6111111 10,630.Μ11611 11161113, 11616631
11111611 666 mo 1106111162 10, 756 gyrum carpere G. 3, 131
706 01611166 10, 134
gravantur pluviu 1611111163, graviter G. 3, 33. 133. 374. 4,
437 31. 462. 466. AE. l, 126. 2, 11.
gravaris 1666 10, 623 238. 6, 447. 7, 766. 10, 347.
gravatum 1111 16111 1111111111 7311323. 12236 11111116116111111161. 10,
6, 363. sumno 6, 620. 66611 grege E. 3, 32. 6,66 327
robur 3, 220 gru 16 2, 30. 7, 36. G. 1, habeant angustor 6111161 11, 4.
1111111 robur 611111 G. 1,162. 2. 3, 323. 473 36. 1616111 his 111111 AE. 6.
11161161116.1,616 greges Ε. 7,2 0. 2,146. 3, 717. locu 6111111111 7, 131.
gravem pietate 111 16111111 vi· 237. 329. 336. 131. 7, 632 111 1616611616 3, 34

 

