68 11111611
616161 8, 490. 16 116 gente 2, 726. 1161611111 6, 628. pro· 1611111116 16 6116111 6, 400.
Amyci 6, 878. 6111661 116- 66116 7, 694. 1161111 8, 268 (11161116Ι 6, 464. 111617,
118161111611016111611- 161161611611111111111666164,218. 155. 11111116 7, 206. 111111
161 66 convexa nupera 6, proponimus 9, 286 7, 628. 8, 498. 111111 111111
2411611616616 7, 492. 116· 161166 1, 216
11116111 1111111 8, 108. 16 1611116 1661611, 671
magud 16116 8, 199. 666 161116 venum 1116111611. 3, 666616166111106216116
ο168,229.1116611111616116- 460 16112686 ,
16616 9, 597. 61616 6111616111 16111 611111 111. 6,818.6111111111 166661111111111661116111·
10, 648. gressum 111 6661111 10, 669. 6611116 12, 414 vox G. 2, 44. AE. 6011·
11, 99. 16166 11, 141 1611161166 caper Β. 9, 26. 161·- progenies G. 2, 811 seges
1616116161 16116116 21116111 7, 1616 pede 6116111 G. 16600. AE. 8, 46. 12, 664. 1111116,
62 1616661666116 111. 1,108. 664. 6611111116 112601
16166161 Daphnin 611 6111611. 1666661616161116611611161 161161866661161111111111111.
1, 116.1111616616111112,488. 6, 280
11, 882, 1611666616 16116 4, 161161 1666161161111116111111-
680. 6111616 6161661 6, 140. 9, 22 ¹
agnum 6616 6, 251. 16116611- 161161 11 61111 66161661 tumme
11616611 8, 26. 11611111 10, (1.1,121611016111171111
164. 11611111 10, 816. 116111 4, 604 1161 11611613·
10, 846 1161616 10, 416. 7, 811. 6116 6116111116,
611111 1616 12, 296. 111161 61116 111666616111, 779
1612,811.111)’1666111616611· 1280161116 0111111112,458. 16116111 somnus 16716111
tibus 4, 112. donn AE. 1, 11666 6116166612,611..Ε116· 809, ager 11, 6111 mutto
679.8‚609.11.479.parmm 1111112780 11,817.1111116112,234
hastamque 2, 176. imber 1611161611,668 1111’11111111.111111.11.1146111Ι
66616111 hyememque 8196. 1611661 16116 8, 290. 5, 778 6, 658. 7, 461. 609. 10, 311.
6,11.66661161661·616161111 161166616 G. ³,380 482.11,862. 6116128111 ¹
qualem 16 1116116 exhibens! 1611 116162,476.16616111111. 16111 66111. 6616161661 111111
4, 11. 1661611809. 8, 85. 4, 708 G. 1, :m 611 611611111
111161 morbosque mortalibus 161116116111161 G 8, 179. po· AE. 71465. 11111 1611661616.
10,274.6161111111·1111166611, 161 AE. 1, 268. 7, 884. 16616666666611111116111
747 714 78111661161611611611616111
. 671066111111666161111161111-
161711111611111119 G. 2, 66. 1616 11ξὲ1111607φᾶ6, 111161 8, 564 fflfflm 11161111 111
AE. 2,216.1611619,670.16- 161616116616116161166161161111 000 ’
1111111 1611611· 1111111111111711 11611611111111111
111 ’ ’ 1116161661611166 6. 1616 1161111111Ι
16166161 616161111661 G. 4, 4, 110. 161111 16661116 11- 6272611681. 614. 611·
14666ρί111 6116161111 AE. ' 4,876.161’1116111ι 66-
1, 189.11611112,49.11611 6110,442.1161166611111611
16111168,678.16111614,460, ignara 10, 6816611 seror?
letum 11, 872. 1616 12, 10,670
466 1611111661111 G. 2, 86
1616611166161 16666162, 161116 1118.4,186.11161111
670. 161116 ssms 8, 478. 6,2 .6611611110,610.111161
1116661612299 10, 711. 116111 111111 12,
16166111 6611111 1166 digna 2, 11911
144. plagam 10, 727 1611611 161116 11, 714
11161 1161661 61 pabula G. 8, 16116161 161161 6, 208
ἓωιιὲἕὲἀοη 61611 AEnenm 16116111 6611111111 G. 6316
· 7

9, 66. 11116 1116 1116611110,
ml. 66161 0, 614. 11161116

6,62. 11116 8666111 6711611161
161ῗ111111311116 111 661616 161161
1612111111181666166116 611 1111666

111. 6, 710
1616111 166616161611161111111 G.

12161116616116161111161611-

161661 egeni 6611166 16616 611 161161 11111116 12, 19

116. 1116616165. 1111111.
16. 100. 124. 166. 173. 166.
209. 282.³61.489. 640. 011.
16116161 11661 8, 861. postes 161761οἓ1116 11. 646716. 21111·

16161 1611111 omnia 161161 Ε. 4, AE. 7, 622

11116

896ῐ111116116661111663, 16116 111161661111111116 E. 8, 1611661666 cymbi 61103

2114. 166 1116116111ὴί 161116
16161661 Ε.. 1,468.1111(11116
mersum 10, 660
1616116 6, 222. 11, 149
1616161 666 -116111616111616111
7, 231. 1111111 per 116 12,
sementes 11166111· E. 6, 28.
16111111 11116115161161 Ε. 9, 48
1611111111 per 1116116 locorum Ε.

106. G. 4, 1017161107. 11, 11111ἔέ16661 6161160161 G· 11
84. 166 1611611111 6611111616 l

Ε. s, 6. producere (1.1, 61. rmum 1, 66. 1, 111. 6111
109. 216. 16161 11116611 per 604. 4, 176. AE. 4, 71 6, 1119·
1111661847. 1116611661, 6, 260. 200. 7. 694. 8, ³86-
648. 6616161611 66161111 424. 648 9, 37. 410. 427.
zucam 1111161 6116111 111, 111. 11, 11. 611. 11.
1616116 11161161 611 11161112, 687. 786. 748. 864. 824. 111
466. 111666 8, 642. 1661111616 60. 278. 404. 678. 787. 771.
1111131111ἷὲ 1111111ᾞῖ stammana 11161 116

 

