61 11611111. 2⁰⁵

rum 3, 916 59. 11161161 hamunt 3, 697 95. 9, 119. 363. 919
volvebant 11119, 519 1ο111111111666161111111111,796. 1111111611. 10, 19 l
volvenda 61619, 7 16666111116115,149.611111111 urbe 3, 63. 79. 76. 79. 34. 90. ,
volvendis 6166111161 1, 969 6161111616 1993 94. 190. 194. 1119. G. 1, 976.
1611161 multu 1166611 11111111 11111111116111111 1116616195331 13. 1, 340. 441. 699. 9, 397.

arculus G. 9996. 11161161 1166611111 661111 9135. re· 491. 439. 669. 713. 746. 3,

11611111 AE. 1, 969. plurim uum 61111161 66111 19169. 369. 4, 69. 491. 645. 699. 6,

AEueru l, 396. 6666611111 1111611616 12, 343 69. 611. 6, 97. 7, 171. 9, 3.

velerum virorum 3, 109. 1611116 161616116111161111111. 367. 111, 795. 739. 11, 199.

61161116666111614,361.1111- 9, 37 919. 996. 999. 463. 649.

3111116161 uelum 11113, 6611· 16111111 666161 G. 3, 933. 11111- 396. 19, 34. 691

161 7, 951. 19, 999 1111 9691661111 AE. 19, 499. 61116111 E. 1, 99. G. 9, 696. AE.
1611611111 plaustra G. 1, 163 vortex 6611111111 316. 19, 679. 1,6. 947. 9631133333. 665.
volventibus 1111111 AE, 1, 914 lupis [11161111 19, 996 673. 9, 965. 611 749. 3, 69.
volvero AElnuru 1116119473. volvunt 16 littora 1166161 1111- 79. 966 999. 337. 441. 4, 47.

6111111 AE. 1, 9. 116 1111111 1, 1111 Notusque 116. 1, 36. ln· 76. 111. 911. 966. 649. 666,

99111111111113, 20ss. 161111, cendia 611111197061111111 633. 9131. 617. 631. 713. ,

699 1111169196. 1116611196, 736. 6, 773. 310. oel. 7,
1611616 1611111 6, 743 616.1116161119,616 149. 195. 916. 409. 719. 3,
16111616 adjungere 316. 7, 933 volvuntur 116 1616 11161614, 37. 47. 63. 671. 647. 9,
16116161 rur-pm 1161111116. 4, 4491161111 111116 medlo 4, 944. 639. 1937163. 11, ³

695 694. fundo 111 imo 6, 631. 147. 946. 369. 443. 19137.
volvus Tybri 1611111611 611661 11161617, 713 663. 634. 7119. 916

61. 3, 539 romeus 16161116, 639. 611 1111111111 designatarum 6, 766.
1611119799 r ignes 8,199. 61 pectore llu- 1611111116 1,677 7, 379. 3,
1611113.9,63.111.3,373 111611 6611611111 9,414. 11161 9. 306. 10, 639. 11, 96.
16111111116116115,699 1111161611 ll, 663 ’ 197. 614. 19, 134. 671. 11116
1611111611 [16616111 11116161 111· vomentem 1116111111 3, 699 urbem 3, 399. 7, 169. 3,

1611119331 1611119116 104.11,916.Ι11111111111 11.
16161111619, 641 vulnere 9, 993. 911. 366. 494. 9, l. 119. AE. 9, 199. 7, 579.
1616111119669 9, 616. AE. 7, 793. 11, [1116191111 9, 949. 4, 916).
1616111116,60 313 · 666. 6, 663. 7, 377. 3, 664.
1616116. 9199111. 96996, vomeris G. 1, 999. 9, 993. 666. 716. 9, 473. 734. 19,

111, s, 111. 161111. 111 111111 uus
161111 sul> 1161111111 iguem 16111111.1.16111116.1,139 6111111111.(1,1,16.610.111. l,

1111111193, 36. 6611161631- 166111166111111111161111 11161111· 6493, 79. 4, 49. 7, 691.

111611 AE. 1, 101. 116 11611 1111119469. 611616611113, 699. 19963. 11, 499. 667.

6611111 161 3, 376. sub pec· 619. AE. 10, 349. 1111111111 111611. 1, 96. G. 1, 436. 9,

lore sollum l‘rurni 7, 954. 9, 349. 11111116 lgues 19, 1611930. AE. 9196. 939.

666161 per 11111611 3, 613. 971 996. 413, 6119. 4,173.137.

luminu 10,447.111111111111 1611111111 tempora 6111111111 3, 996. 609. ll, 99. 373. 736.

11161161 19, 399 631 7, 1114. 997. 364. 334. 649. 3,
1611111116. 3, 438.AE 9, 414. 1616811116,996.9,106.19,114 999. 434. 9, 111 1941. 11,

19599. 11, 640. 3391111· 1611169669 9311. 79319319

1161 G. 9, 499. 1116111111 AE. 161111 oequore 161111 l, 117 111111 E, 1. 36. 13. 1, 419. 464. ὼ,

1,116. 1111111 16 1111111111 9, vortex 1,117. 19, 673 9, 47. 9411. 369. 643. 9169. ’

769. 11111111 6, 659. unguis 161116111619,941.111.7,31 976. 6, 760. 3, llll. 9, 43.

7, 360. globus 11111 6111111116 16111111 l, 997 799, 19146. 19996. 479.

9, 36. Euryalus 11116 9, 433. volu Ε. 6, 74. 79. G. 1, 436. 19, 194. 665

11111111 11, 376. aler 6661 AE 3, 4114. 433. 4, 61 6, 69. 6111111611,673.3,66.19,61

1160119691 9161191191. 11, 4. 611. 111 11111114, 164. 199. AE. 1,4311.
16161111111111111116111111111 11116- 1611 6, 934. 614. 961. 7, 693. 9, 934. 934. 360. 607.

11161111 (1.3,196 replent 471. 19, 739 771. 3, 139. 149. 393. 4,

1111111156913.6,36.1111· 16111 111161 suspendere 19, 343. 6, 119. 7, 673. 3, 46.

61611616,493.1611111111111111 769 134. 479. 19466. 19, 116.

11, 763 voti 6, 997. 11, 794 910. 619. 690
volumino 111111 11111161 9, 993 16111 ll. 6, 30. G. 1, 49. 157. 61111 1, 19. 9, 363. 19, 139
1611111161 4, 196. 6, 075. 13, 4, 536. AE. 19110. 3, 961. ure 6111161619. 4, 43. 1111 4,

647 979. 643. 4, 163. 7, 697. 9, 331
16166111 B. 9, 66. 6, 63. (l. Ἃ 319. 10, 979. 19, 969 6161161 cultu 6111111119, 196

9, lwl 66 3, 669. 3, 631. 1616611116 11111111116161111119, urere 1111111161 6111111111 1, 3.

19346 17 6111111111 611111 AE. 997
vum ll, 463 voveo 10, 774. 11, 663 1111161111 11111 1166111 diesque
volutabris 9,3,411 vox 111111. G. 1,476 9, 44. 111111119439
161616116116111 per 611 AE. 9, 46. 4, 71. 696. AE. 1, 993. 1131116116 16111 10, 376

19790 9, 119. 774. 3, 49. 993. 4, 11116113111111111111111
1611111111111111611166161 1, 930. 6, 616. 6, 616. 636. 7, (1.1,116

 

