. 11111111. ’111

aon 111111 7, 508 Gorgone 2, 016. 111111. pior. mgiiiu G. 2, mr. ’4, 313. AE.
1111111110111112,107 ieonum 11111111 G. 2, 101. 12, 410
81111111111 7, 790 11101113202. AE. 0, 507. 11ξί11111 5, 513. 9, 020. 11,
sacraria 111111 12, 190 111111,290.2,051.111111111 100303
111141111211111 10, 412 4, 023. agmina aurorum 0, sagittas 1,137.3,100. 10, 131.
ziziawiisoeob'olifurum 7, 02. 1617121337ΐῖ 77617171 ¹121: ᾗ. 1111117ἰὶ319ρο1 01111111 0, 725
01111111) lunum 8, 000 1111111111, 727. 1111111111- 11ςί00 0. 3, 31. 4, 344. Ε.
1111111 mi. 11111 1, 031. 1111 na 11, 001 0, 03. 311. 0, 173
2,245.1111119,4.111111.111111. 1111113111. 11111111 1, 4. 7, angalramno
111112, 157 502 1“111111111112,220. 1111. Salamine 3, 153
11111111111111112,742 novaram G. 2, 123. 11111 1111111111111111111110.3,
111111111111011 12, 213 AE. 7, 320. 1111 10, 313 403. 1111111111 artua AE. 1,
morari 11111111 3, 371 amram mephitim 7,34. audem 173. anxa 1111111111 0, 350.
’ 111111111111117, 773 12, 493 Tyrrheno 111111 11111110,
11111111111112, 105 11111111114,000.111111110, 007
81111111 10, 747 319 1111111 11. 1, 70. 3, 00. 10, 40.
1111111111 ignea 2011211113, aravi 11111. 11111111 3, 273. Ditis G. 2,110. 434. 440. 4, 20.
305.18111114,200 7,553. 11111117,1101.1111 182
sacravimus 11111 5, 43 12, 810. veneni 12, 857. rio· 1111111 2, 84
11111111 11111 remigium 11111111 11111 12, 245. pior. doiorea 1111111213
0, 13. 1111111111 honoram 12, 1, 20 1111111 E. 1, 50. 0. 2, 410
141 Ι 11111110.1111111111111111111 1111111113,.175
”cliirrogueiii ’3,ῃῇἓὲ Αξὶῆιῗῖῑ 1131οῇ111111111, 111111 :iiiiiariiiirffqulg’ffl 47
ἓ1111111118,340.ρ111.1111111111 ἕῧ1110. 3, 214. hydra 0, 0111ιῆ11 anaguina 111111 0.
1111311111 1111111117,οΜ 1111111111111111111111110,402. 1111ἑ110 11111 4, 110 .
moriamini. a). 3, 00. AE. 3, in praesepibus ursi 7, 13 aaiignaa umbonum 111111 AE.
112 4, 50301 500 , 11111Μ1111117,222.111111111 7,032
nuria ommibus 5, 240. 3,183. 111111 8, 432. 12, 31111 8, 235 ,
1111111111.. n...
ι , 2 ι
uarro 0111111111 0. 2, 147. 1111- novissimo 111. ,2211111 10, 373 3111111 3, 003
guina AE. 0, 73 1111110, 1111111111111111111111111,300 11111111111110.3,327.1111·
333. da 1111111 0, 300. ionio 111111 0. 3, 434. ml. 4, 456. maa moria AE. 1,35. Ausonii
⁹1,ae AE. 2410. 4, 300. 0, 5. 9, 3, 335. placidi ruitum 0,
1111111111 111111. 3, 403. 12330 03. 420. 10, 701. 12, 387. 343.1111111110,214
’ 1111111111 otii. nemorum G. 1111 orbo Mars G. 1,511. 11111 grando in 111111 0. 1,
2, 21 animis vulgus AE. 1,140. 442
1111111111110.1,03.1111111· 1111114,532.111111111111111111 Solium AE. 5, 350. 10, 753
s 1111 G.8, 150. 1111111 111. 1111111115,257.11111111111 1111111111 110, 17
4, 404. ramoa 4, 430 7, 401. 1111111 11 certamina 3111111 AE. 0, 2011. 321. 041.
morum 11111111110.4,310. Mavors 3, 700 10, 703
11111111 4, 542. robur Β. mro scopulo 0, 270. geio 0, 11111 Ε. 3, 33. 0, 10
2, 230. crinem 4, 703. 7, 1111.Μ111111,101. pociora 8111110111 11111111 AE. 3, 400
391. quam 1111111111 7, 002. 12808 admoneamur&
Numioi 1111111 7. 707. oa 3, areuna 01111111 7, 004 mio 1, 037. 2, 200
0011111111 11,591. stirpem 11111111ρ111110.1,270.111- 1111111111.[111.1111110.2, ·
12, 770 · 1111111113.1,133.11111111111 233. obi. rubigine 2, 220.
moram cararii’oiypiroeianm· 1, 403. securi Torquatum aspergine ὃ.. 3,034. 111111.
1111111111 n, 434. 1111111 11111 0, 324. leonem 0, 722. E· promnion, 103
3111111 10, 310 noan 11, 210 111111 fruges 2, 133

111111 Β. 4, 40 mnus amor Ε. 3, 47. aper 0. 1111111 herbas 0. 3, 300. fruges

mariamnam 3, 243. 1111111 AE. Ι, 92. 11112173

1111111452 Achillea 2, 20. horror 2, 1111110111111 5,]11. 237, 775

walorum 4, 5 052. 12, 4011. Oriens 0, 739. 1111111111112, 173

11111111 0. 1,403.2,225. 011, Orion 0, 710. Drance· 11, 111111111 311 111 E. 0, 73
291. 440. 000. 0, um. 701. 220. 511111 12, 107 1111111 2, ii. 0. 1, 000. 111.

8,311. 11821 Sagarim 0, 075 1, 557. 4,327. 0371330
w 11111111,κά 1111111 ringu- 81111110203 1111101110.3,143.420

'xm 3111112001 111111 1111111111 viam 1111111111

η rint: 7,17, G. 13711. 2, ragina 111111. 0, 002. 0, 073. 3, 141. super Per 1111

.AE 2, 450. 0, 020. 701. 03212312. 423. 3501101. 11111 equus 13101111 .0,

s, 829 4, 52. 5, 242. 435. 7, 031. 9, 515. supra 1111111111 sanor

’3110111031 :n 111 '⁰³⁴⁸‘ '⁶⁴‘ '²’ ⁶⁶¹· 1113· 1123131111 i*

ι 1 a 4 · fl

21
Ι

 

