011 11011111,11

mmmm 1161161 Apollo 13316316· 6361616111166611 13. 3,
6616611 [uimine giganta 5,1616,18 531.11166161[.611“111“ 13,6091
ωι 1161610.3,6 36166666661 111413
66“ 6616 111116 6, 868 dei 11111611 3. 8, 66 Demoleo 5, 300
1166616111 6111111666 161119, 661111166166111. 13. 8, 073 0661611616, 366
’170 delphinum 3, 438. 5‚.59·i 9, Demophoonta ii, 675
6616616166111661111166111119, 110 demoror 1116613, 648. 1161·
665 661611110393. 4,64.1 649.11613,481. 111111 1661111116
661 commulnem 10, 868 13. 3, 336. 343, 4, 66. 66. 8, 10, 30. 111611 ’16116161 11,
66“ 1666611166 G. 3, 433 716 175
661161116161161111113. 11, 666 6611111113, 410 6111161110, 1, 47. 3, 305. 880.
6611611161611611161 G. 1, 333. 66166661 1661611 1661111 10, AE. 1, 639, 3, 743, 7115. 6
616616166161,4.16 641 11461661611616441).
16111110, 763. 11, 643 11616164, 144 81610849136
1161666 3.3,68. 6,16. G. 1, 611611116116661161116616111161 demus monost! 339
106. 3,79, 3, 565. 4, 161. 166, 344 66611611661161111116111, 336
33513. 1, 1956143391. 6611161113.,.3110 13. 3, 94. 6661111163.,.,3701,451.,3
ω1,,3337.373.,4500011.4,7..8107374Η409563Ἶο 113348..,30944503.3,
4,561.6 14. 1691689917, 173. 380. 690. 9, 560. 577. 70, 395. 3, 439. 13, 793
3033314011. 741. 773. 0, 738. 10,813, 11,376. 399. 66611611661111611116611131.
434. 766, 813. 890, 7, 1311. 13, 601 ’ 1616661110, 313
8,.66 481. 9, 766. tei 10, 6661661113, 8,69. 647. G. densa 11661. 'sim 16116 0. 3,
361.13,1.96889 4498364663601 987339 ’6111,,38666116·
1961611613. 4, 343 ‹temon- 661116161113 775 3, 11116166 .,.9614 6616111
Deiope 116 AE. 1, 73 163 8, 36 9 661 1374461111111613,
Deip 61166, 36. 600 66616111116111119, 119 . tito 1661613, 676. nent. G.
116111116ὴί3, 310 demessum 11611166 florem 11, 1, 419 61111111 1, 446, AE. 6,
Deiphobo 6, 610 68 698. teoto 16161661 6, 7. 16-
Deiphobum, 495 6616111116 66613 86. 6111111111- 11 7, 673. 11116611 13, 409.
3611666616, 644 16116119, 437 666111616 dem& G. 3, 376,
661111161116111616111616111116 demiserit 0166 virum 9, 637 denso 111111, 1161111111, 843
732.16111616101117 630 661611111111110111611164,694. 611114,76,13.7,64,ιη.
6611111161111116111 3,,11 16. 9,804116111161116,455.111 11117, 73011111116161 19,
1161111113171711111139Μ’1171611’11793Ἰ 66;’1’11Ε11011’9’1’11ωο111111’.81911616 611ῗ6111166661661646
Dido 1, 601, 61 humeris 666111661116131,14.11161
6611111111 1116616116 11611118, 11161 1611114 303. nubibus 3, 3. 11666619, oi
377.151111113661111116,838. 1111 10, 79 666111 66111616 11111 G. 1, 419
611116 10, 696 6616111116ὺὶ. 16663, 330 1611111611166616113101,
661111 Noto 1116167411 66161111 111111.111111,116616111161 660
661611’11116,11111 111111. 3, 319. 61661116 3378161311 1166- 66111661111111111617, 794
6,.67 7⁹⁰ 88 1116168, 460 6661116, 6111111616 61161611
661116 0111111163, 164 6661111111 gen 111 Jove 1166111 13,
66111111 11663 441 G. 3, 35 111111, 1611113610 666111661619, 389, 1111111119,
6616611 juventus 4, 13). 8, 6661111116 0116111613, 635 634 11,834,13,380.457.
499. 9, 836 66611116 iumine 13, 390 663
1161661166 111,11111,,3 18 6661111611 666166 6511161, 666661111661611616103308.
11616616616611,111111. 6,116 388 1666163, 363 11116664, 80
66166011110119, 168 6611111111 onum 16 1611161 13, 6661111011, 383. 1111013143,
66166161 11616113 4, 36. 1116- 884 1661111613, 411. 1111111133
66161 .3. 3, 68. 611161617, 66116116 16111111 6166161604 383, 409. 111111Ιί1161 3, 33.
163. 66661 it, 431 643. 611 61611113. 6, 693 161111616469, .411111116, 696
661661611661111111611 1166611, 61611116161611111161116 3,0,1“1·666111617,506.11,633
111111. (1.3, 73 81111116 1111110 4. 56816 6111111ιί1611 1161116111 111
66111116 iocum AE. 8, 53 1616113. 4, 488 0317116111. 161167
detegi 666111616191 6661110 1611666116161166 effo-
66161666616111,611 11646111 666111111116111111610.1,333,
661616 76661619, 348 666111011111101661161111 1381161116 111016 13 10, 373

66161111616111,898 398 (16616 11116111 G. 8, 375. Bin-

061163.,.367 7, 39 demittit 11111161 397 011111 1613,134.116611164,16.
1161111661 61661113 13, 434 1164, 368. 6161116611161110, 1111141233Ἶ3,4.60 9, 788.

· 46116111661111613,3,3.661· 663

11119, 83 661111111011611116111661601, 6661111 6111116 1616161 G. 4,
6611161666110,4,640.111111 33 347,116116161.3,611.10,

1191111 66161011616161611611111616- 379739161661161101711
1161111113, 136 61613, 4,7 66166111 tutto (1.3,19861
6611111110. 8, 417 demittunt 611611 neon 6 8, ,31οῶ

 

