OF WORDS. 51

1,180 · Ε. 4, 37. Libra 1151511115 303. ndj. 111111. 5511115 4, 162
1511151165511 1111111515 menibus somnique 11515511. 1,208 ferales cupressos 6, 216
15515111 15111112, 249 feci 111. 9, 427 151511 carmine 4, 462
15111551111151111111131.1,123. 15511511155151515151115 11. 7, [5151515611. (1.4,442
1511511115 9, 809 35 ferum 115553, w. 111. 9, 626.
faio (1. 1, 416. 111. 1,2. 2, 663. fecissent AE.2, 110 vern 2, 161. 111655 111 bella
733. 4696. 5449. 466713. 1511111 eorem 1155515515 ium 7, 549. 511115 tumulo 11,
7, 611. 9,043 111111 2, 639 594
1515111111 1144751. 1,262. 155111561511155511511515 8. ferent 11 (154151556115555-
2, 294. 564. 6, 713. 7, 123 1, 6. 11551115 3, 44. 1151111115 115 E. 6, 57. 111515 quercus
15111111 G. 2, 401. 18. 8, 334 1151111 G. 1,137. 11511551, 8,53.155115111111111151111115
151111 1,131 256. 2, 76. 107. 182.155111152,474.515111 terrusnoeiuroqus 111. 1,59.
147. 3, 309. 436, 612 6, 16. 1111111121.7,191 15111115 1,605, 615153,
44. 79. 382. 464. 532. 647. 15151111 G. 3, 392. AE. 2, 744. g. 111151 11111156,113. 55111511
847. 6, 1. 36. 7, 330. 8, 116. sne primus emor 4,17. 115· 111 51115 7, 99. 272. quem
394. 669. 9, 280. 10. 459. que 15 3111561 curtino 6, 55511111 1151151153,533.1111
430. 656. 521. 11, 41. 501. 347. neo me meu 51115 6, vitiorem iumiuo‘furni 1111-
556. 585. 718. 822. 12, 228. 631. nee nor sidus regione 1111111111 10,463. 1115511515 19.
295. 434. 564. 888 vise 7, 215. spem 8, 218. 840. diois 11, 33)
1511111,586.610.2,60.323.391. menies monstro 12, 246 ferorum E. 10, 52. G. 2, 471.
Moenoenum. 118 666. felicem 11511151 G. 2, 183 3, 242. 480. 4, 223. 496. AE.
4,.1111 5155511111. 5119. 511151 operum 1151 1, 111. s, 515. 5119. een. 1, 20.
6, 190 372. 6, 5211. 10, 461. 511155 4, 329. 1111115 171. 3, 404. 651. 9, 771
495. 536. 594 12, 6511 493. enimn· 6, 669 15155 nce. nom. 111611. 11. 6, 27.
1511551 G. 1, 207 3, 608. 4, 151151 11111515 7, 699. olivi 7, G. 1,139. AE. 7, 478. 9, ,
151.111.5,111.1,51ο.9, 151 59111555
64. 11,516. 525 1511515 3555115 Messius 7, feres 1116156515111 8, 459.
faucibus G. 3, 497. 4, 428 AE. 725. 11511 1511115 ieie 11, e 51515 sidera 1151115 4,
1,555.111.5,15.1,151,5, 195 519
241. mo. 7, 786. 8, 252. 1511516111 remis 511155 G. 2,31. 15151 1111111 quaque regio 1111
267 zephyris 111. 3, 1211. 5111115 7, euru G. 1, 63. scabiem gie·
1515 E. 4, 10Ι 745. auspiciis li, 32. con· 5151 3, 299. herbas 111515·
1511511111. 1. 18 11116115 12, 281 pibus 3, 395. hero 1415111115
1111511155 AE. 1,736.3, 173 felicior ungere ieie 11155119, AE. l, 646. 1111111151 2, 75.
1115111015 5, 143 772 finem rebus 3, 145. nostre
15151 1151551111 1111111 (1.2, 1511515 111511 (1.2,1271111115 1555555115111511114,662.
228 AE. 6, 230 iuberem 6, 892. absenti in-
1515151115 omnes AE. 5, 71 15111161151115111515 G. 1, 54 1511519,215.51’115110,150.
15111113, 673 ⁸ 151112,490.1Ε.3,321.9,337. 1111111 fortune 11, 345. oui
1111111515 5, 666. 6, 227. 9, 11,429.11555111.1,75. 511 glorie fraudem 11, 7031111·
711 5111111151 5, 66. AE. 1, 330. 1155 11, 749
1111111 G. 4, 22. 141. 161 dies 11511515 vitem (1. 1, 234. 15151111 quo seges ironrseroiur
anne AE. 12, 777 11511151,Μὸ 5111515111 11511 (1.2, 267. 1151 medios Tur-
Fnuni G. 1, 10. 11. 51. 7, 81. 1113480. heo 1111111651 15111 11111 AE. 16, 20
1111.911.151.919.5,511 1, 511. 11515 sinemurus. sere 5. o, uuo. 11. 9, 111. 5,
Fauno 7, 47. 10, 561. 12, 1115115 111411, 169 327335
766 15115 1151111 exarseret 8, 220. 1511165111 515 51115 15515 2, 672.
Faunos il. 6. 27 veneni 12, 357 555111 1111153, 10
15151 AE 6,.’143 femore 10, 788 151565111111115611111 AE. 1, 480.
1515111111 515151 G. 4, 214 femur 10, 344. 857. 12, 926 sio 1515 2, 34. 111 1115111 15-
15151 1, 344. 4, 104. 179. {eneruem 1151111515 2, 462 11111116,263.511111111155111111
242 15115111556.4,298.Ε.3,152. ii. 213. 1111515515111 1111115
1515 115511 putent AE.9, 154. ii, 534 signe 511 5151955515 8, 212.
12, 316 151 nineresforus E. 8, 101. 115· flammas 8, 282. 5511515151
156115 G. 3, 458 6111111555 G. 4, 3301115- 15 15515 3664. 1151115515
feneret 1111111515 AE 4, 264. ex· 1111111 15111515Τ1515111 AE. 3, 3361511151115 rogi 9, 369.
31115111161111 1115111661111111 iiiiii ’.16131111
304. 12. iii. 111151 11,75 11515 115151 offer sacrificiu 841. ignem 1211915551·
155115 me 1151111111 E. 9, 32. 12, 13 111111 1511115115 peirn 11, 341
1115155110,12.1151115110.4, 15111 111611. 7,65111111. 111111. 151161115111114 monis eum·
272 Trojom 1111111111 1511115 forn. Corrhago io, 12111111. 6155 2, 663
111. 3, 498. 11511515 6, 830. 551115 6, 49. 80 ferebat 1511115 omnin 11651101
aiios memores 1111 0, 664. [5155515611.5111511151115112, 1151515151 G. 1,198.15 u·
65115 51111115 profanos 12, 795151115111514, 114 em Dido Ε. 1,503. insigni
779 11151151.111.15.1,551. fur. 1111165 Teucros i, 625. nu.
1515111151115155115111111115 G. 1,330. G. 2, 842. 6 1, 11111151 Ρ1151115 2344115

 

