11131111 9, 3398, 687. 11, 309 1111111111 8, 649
Antenor 1, 949

unguite 11, 696
angustam (t. 4, 998

angusti 0. 4, 996. AE. 3, 411. untes G. 9, 417
1111111111 AE. 6, 677
anteveni G. 3, 71
nn tn (1. 4,33. Ε. 3, 419. 1111111111 AE. 9, 47

8, 366
1111111111 G. 3, 990

augusto· (1. 4, 36
3311311181 111
1 · 1

nn 111 3, 497

1111111111 AE. 10, 637

1111111111 6, 964

11111111 8, 491

1111111119790

anhelii 0. 1, 960. 9136. AE.
6, 739

anhelitus 6,199. 439. 9, 314

anhelum 6, 48

Aniena (t. 4, 369

Anienem Ε. 7, 063

1111111111

1111114, 641

anima, 11111111,11111111, nni·
1111111111, unimus, 11111111, nd
1111111 singulari 1111111

animadversi· G. 9, 969. 3, 193

1111111111 tl, 6, 40. 0. 4, 309.

· AE. 3, 147. 9, 994

animi, 1111111, animo, 111111-
rum, 11111111, animum, nni·
11111, 11111111, set nullo pecn-
11111 semu

animosa 19, 977

animosi (1. 9, 441

1111111113, 81

Anius Ε. 3, 60

Anna 4, 9. 90 31. 491. 600

11111111 1, 373

111111114,114

anni, 1111111, 11111111111-
11111,11111,11111111,1111111111

· 11111111111111111

1111116, 989

11111111 10, 766

11111111 4, 441

annun G. 1, 916. 338. AE. 6,
63. 8, 173

1111110.1,40.19.9,696

annuerint 11, 90

1111111111, 181

11111111,960

innuit 4, 1969106. 10, 116.
11, 797. 19, 841

1111111116, 46

1114 ll. 6, 17

1111113, 46

1111111159, 36. G. 1,119. AE.
8, .

Antinum 10, 661

Antandro 8,6

1111111111

nntel 11111111

1111111111 4, 311

anteirent 19, 84

6111111111 7, 631

nmmnnm

11

apertos 0. 9, 119. AE. 11, 904

1111111111,687.10,314.11,666

mffiffissQffiffi&
fffflnnmm

’.1111191113

1111111111
ω1ωυ1ωω.
990. 961. 313. 634

11111111 AE. 4, 946. 7,66. 19,

0ll WORDS.

Antenorldn 6, 434

1111111111 19, 466

Antigenes Ε. 6, 89
Antiphaten Ε. 9, 696

1111111111, 19. 376. 631. 696. 499

9,188. 363 714. 3, 164. 4, 11111113,664

319. 633. 6, 688 7, 173. apio Ε. 6, 68. G. 4, 191

366. 11, 640 Apolline 19. 10, 171
11111111 G. 9, 174. AE. 1,141. 11111Ιί1119, 430. 3, 79. 19, 616

9, 741 Apollo tt. 3, 104. 4, 11111,
1111111111 9,137. 696. 3, 90. 36. 6, 73. 10,91.0.4, 7. 393.

1149. 6, 179. 10,(163 AE. 9, 191. 3, 119, 164. 169.
1111111111 G. 9, 909. AE. 9, 636 961. 976. 396. 434. 479. 4,
1111111111 4, 468. 11,963. 861. 144. 346. 3711. 6, 9. 101.

11111 111. 1,111. 1,111. 1111,
1111111113.3,131.10,719 638. 649. 664. 666. 10, 616.
antiqno G. 3, 339. AE. 7, 38 11, 736. 19, 393. 406
antiquos E. 9, 46. G. 9, 167 1111111119,147.10,463.11,117
1111111111 AE. 3, 16. 4, 431. 1111111111 (1.3, 11191111.

nmnmmnm.mmmfflnmm

647. 19,(197
antiquus tt, 316
1111111118,ωὸ AE. 8, 17
Anionem 10, 778. 779 1111111111 G. 1,104. AE. 9, 483.
111111 G. 4, 490. 111. 3, 419 3, 970. 631. 701. 3, (157
1111111 G. 4, 609 1111111111 3, 941. 10,(119. 19,
111ῌΜ111 mm

1.

nm

606. 19, 860
1111111111 Ε. 9, 60. 0. 1, 484.

G. 4, 44. 169. AE. appellabant 6, 713
3, 431. 446. 617. 1111111111 6,640
641. 6, 77. 39. 969. 400 1111110111,917
418. 493. 3, 917. 964. 630 ι1111111111,616.10,637.19,303
nntium 1166111. 1, 1 1111111110.4,980
3, 631. 6, ll. 49. 167 1111111111ιῦ.4,609
1111111111 0. 9, 134
1111111111 AE. 1, 377. 3, 633.
716. 7,39
11111 Ε.7,99.1Ε. 1, 394
1111118111ὁ Βιέ,6493.120. 9, 699.
ιωώ111111
amu
11111111 AE.4‚ 169
11111119, 679

m
1

81111118,698
11117410
11111119,89
Anxuris 10, 646
9111111117, 790
Α1111 1,1,11
9111111110, 19
Annio (1.3, 11
Aoi-nnn 19. 6, 949
Apenninicoloe 11, 700 1111111 G. 4, 74. AE. 6, 763
Apenninus 19, 703 1111111111 0. 1,179
1111111. 6,76.(1.3,943.Ε. 1111111119.9,306

10, 708 1111111 G. 9, 369. AE. 1,669.
11111111 3, 906. 11 , 884 3, 479. 10, 131
aperiret 9, 60 111111 8, 30. 9, 364. 10, 688.
:pern G. 1, 917. 131107. 11,8.19,88

140. 9, 946. 6, 19. 406. 7, 11111114, 939. 10969

446 610. 10, 864 nntius G. 9, 934
1111111113, 9768, 661 1111113166 ,
1111119999· :limittitnttttt

1 1 1 “

11111111 10, 13. 11, 743 lari 111111
11111111 7, 699. 3, 686. 9, 96 11111, 111111, 11111111,1111111111,
1111111 G. 9, 980. 111. 1,166. 111111, 111111111111111 111111·-

394. 6, 969. 8, tw. ll, 493. 111111,113111111111111111111’111111

19, 333. 363. 460 1111111· AE. 7, 464

 

