114 , 1116611

6,661.1666,16.166.167. 11, 960. avorum 7, 177. 9697. 769. 66966661. ³
331. 647. 7, 639. 0, 399. 6661616 6, 167. 0, 766. pro· 6, 796. 6, 113. 1611161161
1111661611161116. 1111111661 1611116611 vias 11,116 ¹
763. 766. 6616111 11666661 6611116 armis 9, 647 616161 G. 4, 97. 61697610,
agnosco 4, 93. primi [16616 661116166166111666 11693 606

6,666 16616111 siquam· 66111661, 6611116 66111661 10,9 61616616616616 11,6116
11661 6. 4, 13. 11611611 4, 31. 6616 1111611111 16111116 19, 606 616161113166169,769.161610,
11661665666116611111666161 16161161161,39 464

G 9, 966. 66 6111616111 6611111 66116 relligio G. 1, vibrantibus linguismil
podibus 166116 Ι6, 909. 970 vibratos ferro 6111161 19110
prims iubant 111983 66166 661666 61. 6, 339. 19, 6111161116 sb 61111616 fulgore,

6611116 Taburnum 6161 G. 9, 693 594
38 6616611 66 gente 9, 964. 10, 6111611166. 1,96

661116 AE. 1, 404. 9, 766. 6, 336 6166 16. 6, 636
669. 793. 9, 96. 614 66166166 3, 416. 10,799. 19, vicem 1161664166

veslit 61111 corymbos 1166111 666 = 61666 vitavisse 11666611 AE. 9,
11339 6616661166 (1.9, 6616616 suo 3, 64. 6, 476. 66 433, 66611616616166131
919. 6111161· campos 1661166 16616 11, 149 376. 6611111 3, 634. vium
111. 6, 640 vetustum tempium 9, 713 9, 164. 6161661 0, 116. ser·

666116 Ε. 10, 34. AE. 1, 673. 6611116 16166 E. 6, 76 61619999
9, 169. 6, 346. 7,931. 10, 6616161 bello 61 armis ὦ. 4, 6161 61661616 11, 160
1116. 11, 687. 19, 969 616 61616 G. 1, 76

661116 3, 496 1666111 6166 1661611116 666661 viciam him

6661111619,109 9616661616 0, 100 visin· 116111. seis„ 61616666

66611611,140.376. 3,103. 6, vexit 166 Notus 6, 366. Munius 11. 9, 91. 616 jugo
679. 7, 939. 11, 311 116661 Neptunus [116161 va· 1161666 (1.9,99411664191

666111 E. 10,36. 111.1,139.9, 66 fervida 7, 94. 66 111166 661116 16666 Ε.6,769 6141-
964 Ausonium 7, 196. 11616· plur. 6166 3, 600. cenum

vestris 6. 10, 39. AE. 1, 636. 11616 66 urbes 116166617, 3, 606 Ι
9, m 712. 3,716. 7, 914. 364 vieinoe 611166 G. 1,610. rip*
9, 961. 763 016617, 746. 6, 6. 10, 616. 611990·

661116 Ε. 3, 66. G. 1, 7. AE. 19,64 616166 Ρ61616166 E. 363 .
l, 137- 9, 439. 793· ⁶, 111661 gelidus 7,809 616161 [1666111661116111115Ι
966 Ufentem 19, 460 vicinia Persidis G. 4, 900

6661166 19, 776 , 61 G. 1, 169. 9, 470. 3, 107. vicino 611 limite 66611911

vestrum 6. 6, 16 1616. 6. 116. 1, 666. 116. 6. 1,1. 61
1,161.161.16,166 111 1, 61. 111. 666111. vicinos 1111 16. 6661

Vesulus 1117116 454. 6, 641. 666. 6, 349. vicisse 616 11, 719

66166661 1616 6, 396 6, 943. 469. 9, 399. 639. vicissim E. 3, 96. 6, 60. 61 11

vetabat 11111 1, 61 111. 111. 11, 111. 11, ss. 66. 6611. 11,111. wi

vetabit si qus 16 1611666 0, 963. 569. 790917 ⁴ 11,193, 19469
914 vis 6. 6,116. ss. 61. (1.1, vicisti 16966

666611116161661111111611 938. 9, 70. 976. 3, 6. 489. 61611 hiems 666611 l, 111
611166 6,1,16161616666 1111111111 6,166

661661 consistere 116. AE. 1, 6, 96. 194. 996. 3117. 9, 67. vicis 116111.]6111.ρ61661116111
641 946366. 111373. 679. 11, G. 1, 160. 1116 semim

161111, aso. 6. 111 111. 111 anns frma 6 1, 1416ο

vesosem quereiam 6. 1. 616. 111 6,1,1116 6,166 16, 1111 aunis 111111 191
66116661 Anchisen AE. 3, 69. 467 616161 361111163611111 111 ⁴⁰⁹·
686161116449 616 G 1, 41. AE. 1, 366. 3, gentes 8, 799

1116616116 1116111. sos. 569. 1, 116. 1, 116. victam me 116161 1.,11·
6616111114. 1661 G. 9, 361. 916. 6, 717. 9, 376 me 1116611611 4, 434. 11149
Sabini 9, 639. 1116666166 AE. viam G. 1, 199. 3, 77. 141. 6,166
1, 366. Sicani 7, 796. Peius· 164 347. AE. 1, 369. 416. 9, 616166 166 ij· 6, 471.
go· 6, 666. Pyrgi 16, 161 131. 6, sss. 616. 611665. 11166166 16111. 11.

6616111 fugi beili AE. 1, 93. 4, 466. 476. 5, 96. 696. 609. 307 19, 34. 666
Bacchi 1, 916. 66166164, 607. 6, 960. 690. 699. 7, 6161161611. 1, 34. G· 21⁴7·
66111 1661. 11111 1, 161,6,111616,16116.111. 1616666
sss 111.661.161.111.11,111. visus 1, 166. 1. ³⁵⁴· ³⁶⁷·

veterno gravi 1616616 116. G. 684. 19, 366. 366. 406. 696. 469. 4, 344 6361111110,ι
1. 194 013. itque reditque 61616 6, 19, 799. Argis 1, 966. 116111·

6616111616 166161 AE. 9, 613 199 11111 10, 903

66161616 6161666160 1,1“16. 61616616 99646. 1,499. victo 6, 367. equo G· ³1¹OE

,11161161 111, 116.ι 6, ss. 6,166. 7316711 11661. 1111116,111661311431,Ι
97616661694614611616ἓ1 &3⁰ 910. 694. 9, 386. 11, {tigiisstgissoiffgnm
111109 61111111 601111 ’16θῖ ’.16, 116116. 1, 111. 16. 111. 616, 111161. sism-

 

