136 mnnx

94. 06111161 AE. 6, 811 pum, 666 66616 Venus 61616 6616661 61666 11666166 1, 996
6616616869 querentem 1,386 6616616611666111161 666 6111-
parumper 6, 389 66661, ο 66661 gaviam 1, 199. 611116 tre· 61661 9. 3, 166
parvo Ε.. 9, 667. 6616616111 1116 166661 66611 6616616 66 6616166166 equus AE. 9, 969

F 661161616 paupertate 11661- 66111661 116 16611111 eorum 66166616 6661616 vulnus 11,

lem 6, 843. discrimine 3 111 116. 6, 666. 6616616616 46

6661111 16, 317. 66661 1111 6189 6616616111 6666116 nudumque

stabunt 116. pam 616116 16, 66611661 9, 794. 6, 963. 7, 167. nurumque 7, 936

494 11, 9117 66166161 6661661 G. 4, 77. AE.
661661 6666161 G. 9, 614. 6666161 Ε. 4, 19, 7, 64. G. 1, 4, 163. 6669. 61111669,683

11111166 4, 961. 116166 AE. 8, 139. 4, 181. AE 9, 364. 381. 661166 9, 693. ll, 879

413. 16661669643 6711, 3, 996. 6111. 4, 169. 6616611 pelago G. 9, 41
parvulus AEnm 4, 398 196. 6, 676. 6, 669. 986. 9, 6616611666 661116 6661ρί661 66·
6616611166 1661939616- 366. 9, 316.11,396 6166 1119, 966

16169, 4 6666161611666161,939 66161 E. 3,33.4,66. G. 1, 191.
661666 E 7, 96. AE. 9, 677. 666616 crinibus 1, 486. 9, 463. 933. 399. 363. 9, 4. 7. 4, 393.

116. 166. 6666 ,1116116663 66611. 1116666666. 661.
6666661 16 66111666 G. 3, passo psithia 111111 utilior G. 617. 649. 653. 678. 767. 4,

143 9. 93 934. 379. 6, 14. 941. 691.
6666616166666166661616619, 6116666 racemos 116 6116 4,

986 9119
66666 66661166 E. 9,93 6666111, 66166166 666 61166116 ”

66666616 166 Ι, 78 1661166 E. 8, 94. 666 torpere
pascentem cycnos 61116166 6661666611. l, 194. 611 11166

campum G. 2, 19961616 66661616 61616 3, 111. 611

3, 467 666616 componere 61661616
pascentes 6116611669. 3, 96. 4, 438. eum transire 6616- 611. 6911. 763

ugnos 4, 46. 11161166 6, 19. dem 4,6113. 166116 66116 AE. 66161 omnipotens (1. 9, 396.

6616616613.6,199 1, 6. 6666161616 61661661 AE. 1,66. 3, 961. 4. 966,
pascentur 111 6116616 66161 Ε. 61661· 6611166 1, 644. 16116 699. 7, 141776. 8, 398. 16,

1, 611 thymo 6666 6, 77 11166666 3, 699. haud 6616116 166. 11, 769. 19, 178
6666616 6661 6661166611. 66116116 Entellum 6, 469. 6616τῶ66611,686.699.9,9.

3, 335. equos AE. 6, 665. qum 16111666 murique 111, 3, 343716. 6,136. 348. 461.

crinem 61611 7, 391 169. 16666 6666611616 16, 6467611699. 116666. 9,
666666 61616616 G. 3, 165 436 179. 11, 194. 964. 19,166
6666616661111616 66166 AE. 1, 666166 666616 cytiso E. 9, 31 446. 697

6118 ,666166 66611166 666 potum 66161 Anchises 9, 697. 3, 9.
66661 namma circum 16616616 9,94 963. 696. 639. 668. 6166,

9684 pasti 16611 7, 39. ι16116661 679. 964. 7, 945
666616611667,684. 1666166666 7,44 66161· id 661 196666 6, 369.

16661 pastor 6, 1. 6, 61. 6. 6, 6. 161.667.1,116.614.616
666611 6116616 campus G. 9, 469. 496. 466. 4, 317. AE. 9, 646

189. equos 3, 611. 6666116 9, 369. 4, 71. 7, affl. 16, 66161661 Ι, 799. 739. 4, 66. 6,

11116614, 396. 66116661 616· 4116 776 ”

tura AE. 1, 464 pastorale signum 7, 613 6616166 3, 67. 366 6, 91. 7,
6666116 6666611. 1,46. 61161661 pastoralem myrtum 7, 917 133. 9, 646

1661661 vestro 3, 86. taurum pastore occiso ll, 811 66161661614, 346. 7, 91

3, 86 6116161661 E. 6, 4. 1113, 667. 661616116,947
66661161· 11166666 G. 3, 919. 19, 3116 patereris Ε. 1, 33

itque 66661 116. 3, 349. 66116161 E. 1,99. 6, 41. 69. 7, 6111611669, 199. 96996,

agmen 6616111166 AE. 1, 196. 96. 9, 34. G. 3, 931. 339. 4, 949. 19, 174

661 616666 ardor acervo 11, 918. AE. 9, 69 paterni abl, ane Β, 225, ml„

787 pastoribus G. 9, 363. 436 16, 766
pascua Ε. 1, 49. G. 3, 913. 6116161168.. 16,61 6616166616. 161166 16, 188.

393339 - 6116161616 8, 193. G. 3, 477. virtutis 19, 99661161. 661.
6666661616 661666 196666. 4, 666. AE. 7, 674. 11, 6166161631

6666111166 11, 319 669 . 66161666 sedes 11, 44
6666116161· oves G. 9, 375. ig· 666166 boves E. 6, 94 66161616 regnis 3, 191. 6666·

666 nocturni 9, 439. 611666- 6661166 66616 decedens G. 1, 1116 16, 869

16661· 661666 36169111- 361. 6 66616 1166611616 4, 6111616616 1661666 7, 667

11 113611111116 1161111111ἕῖ {5331 &tztsstfffi‘fflssssffffmm 2,

181. equi 6616661666 AE. 6, 6616 16161661 1917, 766 369. 61116 9, 493

663 666166 G. 3,931. AE. 9, 471. 66161 janua 1616 9, 661. ,16-
96616666 66666616 16116 6, 16,716.16666166166111111, 666 116116,161. 16 6116-

96 494 6666 'rum 6, 679. 16

3661666136 Ε. 6, 46. 111. 6, 447 Patavi 616616 1, 947 bivio 66116 16166,666. 16

 

