⁸ , Ι01100101. . Ι 1

101000011101001111 0401111110. 11, osc 1, su ,
10011111 ccl 10011011 11110111 469 northmannorum
· 110000 AE. 16836 Δο110101100001111.1.9 101101116164. 1116910.
100011 Vulturni 7, 799 1011000160 AE. 3, 614. 691 464. 9, 416. curs G. 3, 638.
1000111 nsum 1110110116449 Acheronta AE. 7, 91 319 001000110111 1, 93
1000111 gons Nilum G. 4, 988. Αο110100106,99.6,107.7,669 1011100010.1,444.0100101
100000610101111111110. Acherontis G. 9, 499. 0. 6, 6990
11, 699 996 Acrisioneis colonis 7, 410
,accommodaturos 0100 1, 10111100 ,00111110 Acrisius 1, 111
398 ¹ Achillem 1, 468 9, 749. 11, 1011011006.4,948.Ε.9,791
10001111 ionii 8111116606 438 Acron 10, 719. 730.
10006010061111110010.3,334 Achilles Ε. 4, 36. AE. 1, 463. 1011110000 [1010101006498.
1000060100 0111 679 434. 769. 9, 99. 197. 6411. 11111101 motio fulminis 9,
1000010100 0011101010 00· 6, 89. 16816404. 19, 646. 706. 111111 prr 11001, 110.
potis 6886 ,40111111669113690176 ll, 616. 804. ,1100101010
10100116, 461 3, 87. 6, 340. 10, 631. ’ 1663001 1101113, 619.
scor (1. 9, 406. 3, 346. 661. Achillis 2, 976. 476. 19, 369 ρ11101010011019,166.11111
AE. 6, 964. 409, 607. 7, 679. Achivi plur 9, 46 vonis omnibus 11. 3, 483.
8, 349. 9, 171. 779. 10, 308. Achivis l, 949. 488. 9, 60. 6, soti testudine Ε. 9, 441. 9,
677. 897.11,618.619.869. 8371689 606 ,
19, 649. 661. 786. 933. bet· Achivos 9, 109. 6, 497 10111 111611. 6, 613
111 10, 411. equo 6, 668. 10611001109018. 11, 966 saturninianorum
00011119, 8. 00101 AE. 1, Acidalio 011111 1, 790 Actoeo Ε. 9, ut
369. 3, 689Ι 101611101611 G. 3, 380 notoni 0111100 Aquilonibus in
1101611110. 011. G. 3, 419. 10101110119-,3060101000061Ι 10100111.1.391.1111000111-
0111.1;.1,104.11,100 6900.0101011117,67·1.10, 1016180638
1001111 1101000119,398.100111 178. 11, 449. 498. 19, 306. uetus 16 sideru pinus 11, 136
9, 794 100101 G. 8, 149 819 101110100010 000600130011,
10011111 crinem 111. 11,-107 10100 semim 6, 991. 10111 ΙΙ, 616. plur. 0011 0110101111,
1011111 quicquid 011 19, 678 869. 0011101110 4, 643. 7, 399. tempestatibus 7, 1991111111,
10016111010116,.469.11111 11, 0101011007.631.673.8,601. ’ 39. Prodigiis 6, 379. rento,
637 9, 49. 469613. 696. tutius. 11001 bus l, 333
acerbo 0110 6, 700. iuncus 6, 636. 11, 4411. 19, 669 ,10111 111010 06980. 1101118,
4991698 , 1010110111 AE. 9, 333. obtuso 676.
101111001άί00, 6. 49. vulnus 1101111 (1.1,396 Vulcania 10111101111111111.4,463
ll, 893 ignis Ε. 10, 408. gonuinus, 10111 Circensibus Ε. 8, 036.
1001011 1111111101 9, 1111, 87 oculus 6, 788. 19, 668. ex· 1011116016.1,413.0111111101
100100 10110 8, 178 acilus, sing. 6, 663. 8, 604. 19. 6, 793. 1111 sctis 6, 936.
1001136616746 9, 6118. 10, titt. plur. G. 19, 843
acerrimus 9, 4141110119, 170. 1, 490. 9, 981. 4, 89. AE. l, Actius Apollo 8, 704
16996 489. 9, 30. 6996899. 7, 1010161100. 1696
Acerris 11. 9, 996 “ 49. 996. 496. 693. 643. 696. Actoris 19,94
scortis 1, 963 703. 796. 8, 640. 9, 97. 6611. octos 01111101 1, 940. fluctibus
100110 AE. ll, 786 639. 16360304. 643. 643. 7,113.11110110101007,49
scenos caticuminorum. 691. 11, 619. 039. 898. 19, 1010 19, 687
Rutulorum 10, 609. scuto· 137, 994. 997. 369. 648. 617. 10100 imbrum coelo 11. 9, 334.

mm 8, 608. stragis 700010- 781. 861. 876 genus per “iffi intinos iil.

10016384 10111101 7, 730 1663611111 00111101 im·
101110011616801011110. Acmon 16198 00011116997
11, 907. 111111 (1. 1, 186111. 10010161. ll, 3686 unlus clumoribus 9, 198. or·
4, 4119. ungu 6, 604 occuito (1. 9, 169 roribus 6, 639. 11111 uterquc
800110 gen. 6, 106. 673. 9, Aconteus AE. 11, 619 616 0011119111001101107,
918986. 11116, 771 10001111110111014, 176 380. 10 orbcm 11 9, tut.
Accslstu 6, 713 Acrugns 18. 3, 703. morsu cunum dc montibus
Acesten 1, 668. 670. 6, 30. 1010 genus luporum 11. 3, 964. spor Ε. 111, 708. 1100011111-

01110111 vrum 0, ior. 10 1101.

ι 1000011,111110.0,11οι. 10110 cursibus 00111111 6119. rettulinmus

63. 73. 387. 418. 461. 498. Μο10110013, 406. Turnum 100 9, 689. 11, 777

619. 630, 711. 749. 767 AE. 8, 614 100101 leucum in 010 8, 336
Achates sum. 6, 693. 1001. 9, 1001101018.10,66.110010. 1010111 curis conlo 11. 1, 193

469 7, 164. 9, 666. curtos s, 3. nouisse furores Ε. 7, 406
10111111 gen. l, 190. 16344 1111001016718. 1111011648. 10111 1111 luno 1011111 7, 330.
Achate 100. l, 469. ott. l, 10100111,800 61111010 180011 19, 108

110111. scri sonoro 19, 399. doloro 7, 10011 silex 6931011003,
Achaten 1,644. 16339 991. 11, 709. equo 4, 160. 931. cuspide AE. 6, 903
101111016174. 189. 613. 679. lugi 11. 3, 1411001111 AE. 101111 1100111 3, 46. 10, 868.

681. 666. 3, 693. 6, 34. 168. 6, 116. Lycurgo 3, 14. viro spinis Ε. 6, 33

 

