111 nummus.

11110 10111011101010001100011 ww 101Ὴ11011101101
11110 was 1311010011 1111010 0111 111 101001 10010 10 110110
what 10101101101111 ‘im 01 11111001 101 victory?
01010011 who 1101100111
1101100111 11010 1010001110010101 1101101110001001Εο001 01111111
111010010011110011111000 10001101 1110111111 10010101
Β 111001 1101 01001 010101 11101111 000100101000110001111
dm tegget 1101 1101011101 (10011110 00 Ηίῗὶξοωτξῖ 1111100 101011 111 00010101
0 001
11010011011101011011111001 11011 111 10111100 0011001001 10 protect
111110 1100 Turnus, 1111 1011111 11010· ’1010001
1011010001 0000001 01110 1010 01 1110 111010 1101 110 1010 01 1101001
day? 111οῑ1000 111100 11301111
11011 1010110000101111111010110111100101 11111 plan d AEnen 0100010 10 111
1011ος 110 night? 1100011
10 111ιέ 11010 11010 110 101101 111111
10110
1110101100011. 11101100100101 11011111011011101011111
11010 100 101000 0101011101 11001 010011·
11011 1100 ’101000 01001011111101110111000 101110 0000001110 010010011010111
01010 01 1101101 11101111101001011001 800011
11011111 1011111001 10110001 1110101001011101ὶ1ἱ1
1110010101, „mm
111101 remark 1001 8011100 10010 00 111110 0110111
11111οΜ11101. ’141 What 1111 Em· threaten 10 ny 1110
11101 manage 1111 101000 0001 Eum? 110011 supply 11101
11101 101010011001111000 give 10101110 1 11011 did 10 10ψο 110 0110 1110111
111010111οο 101 001101001οο 111 110 0111 Did 10 000 111
111οἓ 1211000 1100 00101011010 by 11011001 11011000 111 ,1000 001, 00111111 ww
111 0000. 0000001
11011111 1010100 010110 110 10101101 110 11101010110 Dim?

110101Ιο011 what 01000 1110110001 «Imm 11010 1111
1110111110 11110110 ’10 110101 110111
11011111’1010100101101010101110010111 11011 1100 ’101001 11000101, 001 1111111·
11011 1100110 11000 1111011001οά1 00011111 10 100101
1110111011 110 1101100001 11011 1101 110001 010010111111110111111.
1110 1100 01011 by 111 11101100111100011011101 10 1101111111 ,
110111111001011101011011010011

 

