100 INDEX

0010. 11700. 1040011, 1111111510. 1111110141. 11151110,ϋο
13. 04. 145. 370. 800. 10, 00. 440. 0, 410. 3, 070 0, 1151150460. 10010
444007 ⁶94.9‚91.11,284.⁶9⁶.12, 11111115,054.0,500.540
1511151111 11115 cycnos 15115 000. 501 1511115 8115115511 1511110,
1111 1, 305 1111111511 10, 600. 10, 003 785
1111111511 15111111 apros 0. 3, 1111111111. 047010. 1,511.10, 1511111 1151111113,ωό
413 605. 1511111111 7, 378 turritis 5111111151οῶ0
, turbam 111. 1,101. 5,150.0, 151111111511515111131511115 Ε. 111115151160
750. 10,·140 7,48.1155111515151111)111110. 111111511ιηὶ1 1010100
1111111111, 1111511115 151111511111 1, 310 ’15151111151311111111111105
0,300 11111551 AE. 5, 650. 11, 100. 11,000
1111111111 111115 Nili 0, 000 518 Tuscis 511 1111110, 104
1111115511 1115111115 0, 057. 0, 1511511 G. 0,.170. AE. 0, 500. 'rusco 111151 0470 11, 016.
307 10, 030. 010. 11, 500. (1155151510,οΒ
1111611111 viros Turno 0, 000 606 15115155111115155110051
turbantur 11111511 luctu 10, 15111111511151111, 751555116111115.1,400
620 11. 10, 514. 11, 360. 500. 151111 anhelam
11111111 globum 1111511111 111111· 10, 00. 66. 005. 000. 070. 11111 nom. [111. 5111 AE. ⁴, 073.
111189Αωόωῃίωω 1181111144 141 1511411 1111111111161 ¹
Ι “ · “ 1 · ¹ · ⁸
11111111 1111511111 Latino· 1, 11. 1111. 111. 1111 111, nm 111, 115. plur. ms.
10556 143. 151. 450. 460. 478. 1111115111,164.5,171.111511
15111111 1151111151 51511 4, 500 501. 11, 114. 017. 306. 376 1,580,4,098.ρ11111111151111
151611111111151510,030 ’ 1545111111411111. 4, 88. 5115 5, 70511 int
15161115150111111110111151, 501097.105.801.805 1511115111 7510111111 011
515111515111111110,10 Turno 1, 360. 371. 704. 8, 15515151 0, 053. 0111111111
11115115 1111111. [11111. 11111111 17. 9. 110 100. 307. 000. 0, 165. domorum 11, ⁸&
1115111111 11, 3. mentem 001. 10, 040. 070. 440. 503. 1151115111, 871
5111111 10, 500. 51111. plur. 1119· 11, 100. 000. 371. 885. 111111 11111154, 100
procellis equora G. 1111. 10, 0. 11. 08. 14. 103. 000. 1111551111 15 1111111 m&
0111111 AE. 5, 6118. 9, 10 scilia 868. 5011. 100. 013 tuturo domum 0, 677
0761111511 1515515551 1111111517, 434. 8014. 0, 0. 151511115111517,460
111007 738· 10. 75. 300. 440. 471. 11111151 favor Eumlw ⁵2
15111111 [111. 11111511 51155 3, 015. 004. 505. 11, 170. 001. 040
435. plur. 55111 11, 010 000. 10, 140. 017. 405. 507. 11111 ipae E. 0, 35
1511111515 515111015111151 11, 045. 650 1111511114, 111
790. vulnero 1515111 10, Turnus 7, 50. 410. 475. 077. 1111111111 511155511151511
150 783. 0, 4. 00. 47. 060. 460. 01. receptus 11, 607
15111111 gen. 11ο1111 10, 000. 500 535. 500. 573. 740. 780. 1111151,115011111111115111151111’
plur. 5111511 8, 4. 11, 451. 707. 805. 10,00 453. 470. 153, 377
213?de 0, 5Ξο 5151115611 ὦ, 2313. 5111195021 25404111417 567. 111111 11151115111151 10, aso ⁴ ἵ
1151111151111111 '⁸ ⁰ 4111]111’1.1111.11,1.’ 151ἱ tamma mm m ’ ’ ff
1111111111 equis 7, 767. 0, 104 0011. 004. 007. 353. 380. 11116 adv. 0, 030. 1151 1111101
1511151111 511511 10, 005 303. 440. 500 0110 000. verba 11451111 6111131]-
11511555151111,111 614531. 660. 680. 700. 740. adj· 1111 3, 78
15155151 agris 11. 1, 10 775. 007. 040 151111 1511115151,511.1111101
151051550111111 AE. 0, 67. ego 1515551151111115111111111515111- 511111151040 ‚
0, 014. ,111111101111151 veru 10, 011 11111151 1111111511111151 111100
0011515511 1151155111,470 1515151151 sanguine 11511111 0, 000. 1111500011110111
151511111151151151111113,440. 10830 1, 001 ‚
51111111111151 10, 046 1515111111 (1.0,00 111151 11111115111111111111111111,1
turbenturarennZophyroG.2‚ 1111515151115111.1,411.11. 1, 043. 11111111 1ιῆ ⁰,
106 11111111 G. 0, 60. podagras 0, 010 111511151 15 1111110491
11111111 omina AE. 0, 407 000. 51151 111114, 00. phocas 303
turbida 11111111. imago 4, 1115 151111. 51111110
363151111111151111101115110, turpi 11551151 0, 011. 111111 3, 401
111. mur. 111. 111111, 1111111151 1514111. Tybridis 1, 111. 1. 10·
055. 101116, 504 cupidine 4, 104 486 ,
1516111111 11115151111111 G. 0, turpia 1515111111 fimo 0, 350 Tybrim 3, 500. ffl- 191· 1·
1111111551. 15111111. 111ρ111111111 111441. 11111- 111111111131111
0, 606. 10, 585. Ι11111111 gur· 111 AE. 0, 075 am}
..11011011110111111011101111· 11111 11111 ffi- 1,
048. 1010. 071. Mezentius 1111111151 G. 4, 100. 51. 4, 107. 000
10, 703. Tarchon ll, 740. 0, 46. 470. 575. 677. 10, 101 11611110, 470
Α1111111,014 1111111111 1111151151 7, 531. 0111111111,οῚ

 

