01⁸⁸ WORDS. 41

desistere 1000010 1, 37. pugnd 143 · 11108, 300. connixus ab ag·
10, 441 detrusit =ad undas stygias 7, gere 11011019, 7119

denotati manipii 0100. 11, 870 113 dexteru 4, 337. 3, 379. 7, 366.

1100010νὶ0101 agros 11, 331 detulerat huc 11001010 impetus 474. 9, 089. 747. 10, 333.

00100010011001010 populor 7, 10, 713 341 395. 11,170. 118. 339.

0010111 armari 01000001 10010 latua. 436. 538 0103,641.

despectare 1000001, 393 4, 099. mundum 000 auras 00019, 459
despectat dammae 00010010, 4, 368. 0010 10 10 1000109, dextre nom. E. 1, 33. 111. 4,

400Ι 10.(110101011010 Venus 10, 597. 8, 667. 10, 610. 773
0000001υο 1101 aum 11. 0, te. 0 417 11, 113. 385. 10, 07. 001. G.

tc, AE. 4, 36 00101 001 0101000 3, 7 1, 309. 111. t, 98. 334. aaut.
0000101000 terma Jupiter 1, 00100001 0100101100 u 00001 405Ι 590. 4, 60. 704. 6, 467.

004 5, tto. animas 01100011 5, 479 340. 690. 8, 354. 563. 9,
00001010 omnes E. 3, 30 410. terra caput orantis 10, 301. 807. 10, 013. 046. 079.
despumat 101110 undam aheni 665 303. 339. 6311. rut. 830. 11,

G. 1,096 Deucalion G. 1,60 067 immacutatum,
0001111111 ab inguine 11000 G. 3, 00000100010000100, 408 14. 60. 003 403. 644. 059.

081 devenere iocos AE. 1, 335. 3, 0001010000 coeio 00110010·
destinat me ara AE. 0, 109 338 0110 propitia 4, 679
000111000110010010000101111000 devenient speluncam 4, 105 dextra 1011101011. 1, 033. AE.

E. l, 61 1100001001 speluncam 4, 136 1, ott. 6, 483. 656. 9, 317.
destrioge ax arbore 01001000. 0000011100 orbita G. 3, 093 11, 508

0, 300 devexit ayivam arator G. 2, dextrae dot. 1, 408. 0, 703. 4,
destruat moenia Ε 4, 303 001 104. 7, 498. 8, 164. 10, 847.
desueta naut amandi corda 00000000000103,504.01001· 11,093.0100.10,517

l, 102. arma 0, 609. trium · poAE. 8, 080 001100011,408.3,610.670.4,

0010 agmina 6, 814. 00110 devexus 10 Austros 01001100 314. 6, 443. 3, 370. 697. 7,

00011007, 093 G. 1,041.001110100010104, 031. 8, 104. 164. 078. 558.
000001 carmina E. 8, 37 003 o, 741. 10, 414. 303. 11,017.
desuper AE, 1, 16540110, 41. devicta 411001, [01001118. 610. 160. 10, 193. 311. 379.

4, 100. 3, 078. 8, 049, 9, 030. 9, 064. nent. 00110 10, 310 734. 930. 939

10, 095 devictam Asiam 11, 038 dextrae 1, 314. 3, 33. 6, 013.
001 010101 G. 1, 350. auaitum devinctus amore 01100 8, 394 8, 467. 9, 050. 363. 11, loo.

AE. 3, 634. 000 extremum 1)00108.8,33.114,001.1Ε. 414

manue 4, 409. prenae 10, 4, 353. 6, 079. 8, 75. 9, tue dextris 0, 444. 8, 014. 11 , 303.

ult. 11,69011000101010100- Deum 010 Deorum E. 4, 15. 736

01 11, 346 49. G. 0, tta. 473. 3, 436. 4, dextro 10 armo G. 3, 36
detecta regia 8, 041 013 448. 301. AE. 1, 9. 009. dextros 01000 AE 6, 831
00100100 caput 0000 10, 133 mot. momumento. 733. dextrum littus 3, 413. 10100 3,
deterior G. 4, 83. 10100 AE. 8, 3, 511. 015. 375. 4711. 4, 50. 400

306 038. 6, 701. 6, 300316. DiE 0, 30. G. 1, et. 498. 3,
0010001000111010000100010111, 461. 565. 783. 7, 53. 039. 313. AE. l, 003. 0, 190. 330.
· 3,Βῖ 306. 584. 600. 8, 7. aaut. 530. 700. 3, 305. 1111 508.
detexere 0110101000 01 junco 608. 9, 80. 10, tot. 003. 600. 4, 310. 5, 30. 035. 6,

00101000 Ε. 0, 70 050. 470. 875. 11, 4. 033. 34. 054. 304. 509. 7, 050. 8,
0011001 montemacutum. 785. 10, 199. 851 484. 9, 184. 054. 10, 768.

me 000010 1110 0110 AE. 0, 000010110104,100 10188639

788. 'gremio Ascanium 4, 0000100011001000000 Perna Dis 0111001011. G. 0, 101. AE.

83. 10 aspectus 01010 4, 348 G. 4, 349. 110000 1110, 449 0, 408. 3, 10. 4, 46. 3, 309.
00100010011001 10, 309 devoveo 00010 animum hanc 6, 131. 394. 7, 009. 3, 045.
detorquent cornua 0010000- ΙΙ,443 079. 683- 715. 9, 040. 10,

0110101103,ωο 000010100001110,014 118
detorquet curcua ad regem devotapeatiiuturm,umori Di· 010800111011,667

Dea 4, 193. 00010013, 166. do 1, 710 Diana 0010111 imago AE. 1,499.

habenae 11, tto Deua Ε. 1,3.1. tu. 4,33. 5, 34. 0011011 breui 11, 633
detorsit veuicna 0010007000 &teneraetenerae 1110010 primo u' 101013,

unianimitatem 10010 0,000.0,001.1,010.0.1, ostentat, ,111100
detraxerat ioricam 3, 060 190. 710. 3, 338. 715. 4, 440. 11, 331. 630. 337
detraxit nido 0001 000101 G. 4, 574. 651. 6, 391. otu. 841. Dianam 11, 843

010 001.0,11.10010.110.1,100. an 0010110100010.
001100100001 0000 3, 57 8,3Ι.350.1119,17.011.601. 01.1,753 831811100οο00-
detrude sub 0111000110 caput 701. 10,10. 404. 773. 11, 0014,636. 01000033431110

AE. 9, 493 113. 10, 301. 409. 500. 677 10 amicitiam cocant 7, 546
0011000001000101000106,634. dexter, 001010000001101010- dicabo propriam titi 1, 13. 4,

finitur 0001001 7, 469. coa· due 4, 094. qud 10011101 mitt 106

110 11001001 0 muro 9, 610 0011000010 od 1100100111 3, dicam G. 0, 003. 4, 5. 6370.
dantum navas scopato 1, 130. 001 0011010111 propr·- 0, 710. 8, aefl. 3, 'm 11,

 

