186 INDEX

1111116111 67. 7, 193. 301. 476. att. Τ111161161111610,312
11111161 drus 11 1111111614, 678. 8, lu. 136. 161. 397. Τ111111161116116,483.363
6181111611611 1111111111 9, 68. ltu. 248. 10,22. 28. 1111161110.4,229
6,619.1616618, 6. auium 260. 309. 690. 866. 11, thesaurusAE. 1,369
1611111111. 11,221.616112, 116. 168. 176. 440 686 ’11111116122393
681 , 842. 872. 12, 78. 606. 812. Theseus 6, 618
testatus muita 6161 surasque 824 Theseide Athmienxs itt,
1,198.1111111111161111 12, ’1111111111 pro ’1161161661 1, 383
496 666 2, 281. 3, 63. 4, 48. Thessandrus 18. 2,261 1
11111116111161111116116613, 637. 6692075 6911. 11662. 011111111Ε.2,10,48 .
sss 1, 111, s. 111111. 111. mesu 1. 1, 166 1
111111161,16111186,21 10, 628. 684. 1111911834, Thetim E. 131
testibus iliis 1111 profeci 8, 12, 78. 662 ΤΙι11110.1,31.61.6,826
19 Teucrus 1111111161 pater 3, 1111111117,681
11111116 11 AE. 6, 789. 161 dss- 1118 thiasos 8. 6, 30
1119, 288. estu nunu 861 12, Teuthra optime 10, 402 Thoantis io, 416
176 Teutonico ritu 7, 741 Thoas 2, 262
1111611616112,166.ρ111161· texamus 111111 1611611 11, 111616 suspendi 6611184118
11 3, 699. utrum ue caput 4, 326 thoraca 10, 337. 11, 9. 487
867. Xanthum 1. 6, 803. teratur fiscina virgi G. 1, 1116111118ᾶὲ3
1111611 116111 116111 9, 429. 266 thoracis 12, 381
numina 12, 201 1111661116112, 371 111111112,336 '
testor 16161611 2, 432. 11, 11116166111161 11611114,πο 1111111114 1
668 111811111111.11,611.111 Thracius orpheus 8. 116 1
testudine (i. 8463. 4, 464. AE. 61 Cu usum prote-rerunt Cisseus [ὃ. 6, 636. 116115, 1
1, 606. 2, 441. 9, 6116. 12616)ε 666949
614 11111611116111112,148 ’11111111611111116120
1111661161161116111161111611 11111 6111111111 hibisco E. 10, Threicia 1111116611 11668
21188. 1111111111 1111136οό, 71. caput ferrugine 161 G. 111111111111811116117,2.8
686. dextram 10, 82 . uur- l, 467. nec 11 tua [1111111111. Threiciis sagittis 6, 812
111111,869 , 24301666161111116111611· Threicio 11311161
1111111661 10, 727 es 3, 46. ossa 1166 aheno Τ1111111611111 61 ganta 86111
1111111 portum 11111111 (1.1, 6, 228. 11116111 1111116110, 111, 360
. 11111616111111661 18. 424 Threicius 11111611 6, 646
8,136 16111 vimina 11111111 G. 4, Threissa Harpalyce i, 816
tetigisse dum tymni ⁷, 116101161161111181411 66166Ῑ6161166117ὃ631
tetigissent 1111111 littora 4, 111111 roboribus 2, lah 1111118. 8660116161-
668 11116111 1111 praesummatis. 8106
tetigit 1161111 nubila 11111 8, clypei 8, 626 thure l, 421. 11, 481
324.11611613,602.1111311111 1116116161111111111118. 9, 1661111111. sum. rimu-2 1
plantis 4, 269 42. iugss AE. 5, 693. sera 11111161. 1111111661 Ma
Tetricus rupes 7, 713 trum virgis ll, 66 226
tetrum 66611111 3, 228 01111111 G. 4, 374. AE. 2, 603. thuricremis aris 4, 468
Teucri geu. sanguiue 1, 236. 4,18. 660. 6, 94. 280. 10, 161111111111111110.2,138
4, 230. 6, 500 648. tur. 498 711γί1161.4,902
nuru. 2, 262. 306. 466. 8, thalamis G. 4, 189. AE. 7, 1611161110391
11111111, 111. 161. 61 1111111116
460. 630. 6, 212. 9, 34. 39. 1111111168 4,333. 1114133. 's 1661111111.3,86
611611111119161. 10, 302. 496. 6391628. 7,263. Th

ss. 1111111111. m, 11111161 mssa
117. 193. 642. 738. 744. 770. 1111111161 10, 389. 649 Thymbraeus Α 116 G. 4, 363
836161. 1, 662. 2, 48 6, 474. thalamum 6, 023. 7, 388 Thymbris 111.66,124
9,114. 10, 430. 11, 164 1111116161 6, 621 thymo E. 6, 77. 7, 81. 641
11111112, 26 ’1111111 Ε. 6, 2. G. 4, 338 isa 181. 241. 61. 1, 436
Ι1161111611. 1, 208. 2, 247. 6, Thamyrim AE. 12, 341 Thymoeten 12, 364
66. 6, 64. 80. 7, 166. 276. ’1111116113689 Τ11161111162,82.10,1ΰ
151. ass. 111. 1, mr. s, 1116111111111 11111111 (1.1,111 stu. 111
139. 719. 10, 8. 44. 62. 106. Τ1111111161111 1111 61186 Tiaymide [i. 7, 16
168. 612. 617. 12, 189. 629. Theano 111, 703 Τ61111167,Φ
1111111. lt, 116. 11, 1111111 1111. sus 1111111116
00 theatris 1, 427 thyrsos 1161111 E. 630
Teucrorum 1,38. 89248. 611. Thebani 61 11111119,697 111111 7, 247
1111116111. 1, 116. 6, 1111111116 111111 u. t, sss. 61111
806. 11, 821. 886 ’1666111111 9, 676 Tiberius 61111 AE. 11811·
Teucrus l, 301. 626. 2, 671. 7111111611 10, 126 16111286
“ 747. 3, 126. 4, 348. 6,41. Τ111161666111111111111111111,662 Tiberinae, 878. 7, 791

ymhrssus 111111. pnp· 011

 

