303 mmlx

,9, 719 ultro 11. 3, 69. 369. (1.1, euml. 6161666616 6114,
611613666611166616616161- 36663631369116193. 35. 6, 404
166 6, 348 . ¹ 379. 373. 3166 4, 304. 6, 6161116111 tempora 666166 6,
’1131111113Ῐ4411ῃ1611ῗ11111 1664141ὅ g: ffiffbg’ 32. affirma 666166 6, 473
661 6116161161 13. 6, 631 799 111973. bis 339. 313. umbris 111309. 111. 1, 311.
vivus per 616 seretur 13, 336 606. 330. 11, 936. 471. 13, 647. 3, 631. 3, 330. 4, 361.
6116666161. 3, 613 671. 6, 610 8941613770,
vix 1666 1, 34. 2, 173. 3, 8 611656166Τ161616,840 1116131131. 13, 63
viz οι 6ο. 1, 666. 1, 693. ulva 2, 161. 6, 116 1161661766. 11614
6933906116. 1190. 3, 611661 G.³, 176 ambron 6616. sm. arbos G.
337. 590. 11, 396 11164. 61616 6611661 cycnis Ε. 8, 3666166116 1333411161.
660. vix 16616613, 133. 6, 66 plur. 666661663.3,3 ’
17311161 11161661 plangoribus 61166111 61661666 6666166 11111349.
61161616νί1666111,118 2, 488 1 umbrosam 1611616 (1.3,331
61111663 616166161616611611,663 unu 6111111119 [616. sororum ἐ
viximus 10, 863 6161666666 lupis G. 1486 Ε. 6, 66. quntum G. 1, 333.
6166111616.6,164 616161666666111 13631666- nympharum 18.1,399.66166 ’
6161161 66111616 111. 3, 676 1616 16116617, 13 16666661663.61661116 6, =
ulciscimur 6616161 sociorum 6161111661 1116161164, 163 644. 1166163317, mearum 1
3633 6161616 Hecate 1609 , 6616116611636 1
6115166113, 184 6161611661 1396 666 Roma 6116660631161666
6116, 61116, 611616, 6111, 61111, 6161616 stamineo 4, 667. 9, 6661666616 (1.3,63666-
6116166116. 477 116 66 visa 116. 3, 610.
6116111666 ὢ. 3, 433. 166664, 61616166 616 deden 11, 190 quim 66616614, 184. mens 1
430 11116613.8,70.1Ε.9,7.90. 661 omnibu· 4, 913 ex· 1
6136611364 ’ 4363613691 611116 66116 66 vidi·
6116 (13306. mmm -111 1661144. 97. 164. 361. 1666 AE. 3, . sum 6111
61161 3, 333 163 3, 633. 9, 603. 11, 363 66166666 3, 710. defuit col·
61166 (1.1,606 11116616 3, 973 166116 omnibus 2, 743. ο
1111613446 11666113, 763 16116 666 61116 alian vir-
61616131137339 umbo 11310. 11371384 gn 116. 3, 331. soret
ulmo Ε. 1, 69. 3, 70. 16, 67. umbone 3, 646 utraque 161166 3, 417. foe-
6. 3, 636 umbonum 7, 633 mina 4, 96. vox omnibus
ulmos E. 6, 3. G. 2221. 361. umbra 6611. E. 8, 14. 10, 6,616.11616661166ι61161111
367. 3, 373. 4, 144 76. 76. G. l, 191. 191. 3, 616166661661 61666 6, 733.
ulmus l, 170. AE. 1383 410. 1116146633, mem 61661666 sequendi 10,
6166111.3,106.6.3,365 7731386 183. 661616 116611 dubit
6116 611616 31. 1666 6611113661. Ε. 1, 4. 6, 70. 7, discrimina 16616 16, 631.
ulterioris 111116 661616 6, 314 10. 46. 9, 30. G. 3, 19. 439. 16 spos 6666616 13, 67. eon·
61161116 19, 306. 933 3, 334. 4, 611. AE. 1, 166. jux 13, 373. superstitio 19,
6111666616. soem. 6166 11. 4, 694. 3961360. 614. 6, 371. 317
g. 111616 agiu? 4, &gfff ἓεῖῐι). 866. 3, 376. 9, 373. 11, 6113661. 661636ῑί161 14847780131b
=., .61 , . 61666616, .
’1111666 11331. neue. ptus. 6611166616 vites 1611161 Ε. 9, noct} juguli 1149166616
cernunt 3, 446. jussa 4, 637. 49 10, 703
16116616 6, 913. signant 6, 6611116134. 1176. G. 1, 6666366661666161.

317. 1111611116 6, 347. 6116 6, 343. 3, 413. 464. 630. 4, 116616 mgis 66161666 Cartha·
4733116116 8, 637 473. AE. 1441. 607. 6, 81. ginem 1, 16. mm 1,
’61116166 611166 G. 3, 434. dies 734.6,139.364.339. 10, 693. 113. noctem 1, 633. 16 se· ,
AE. 3, 343. 9, 769. AElhio· 13, 669 (1616371606166166 Tro· 1
pum locus est 4, 431. 666· umbram G. 1, 366. 3, 58. 397. jam 3, 604. urbem 4, 110.
1οιι6616161617,40.161161 AE. 3, 490. 733. 763. 3, 639. 1161616 omem 1176. ex ,
11476 ’4, 7. 184. 6, 367. 963 469. virginibus 166116 11, 633.
61161 1636. 8, 301. 10, 864. 9, 314. 10, 190. 636. 11, ex equalibus ,46666 11,
11960 310 830. 16 cunctis 6161616616
ultonem 61616111 3, 96 6616166161 montes 3, 608 13, 143. animum 6111661666
ultoris 31611 6, 313 umbrarum 6, 390 16 6666116 talibus 19, 939.
61116 placitum 16604111 Ε. 7, umbras Ε. 9, 8. 67. 6, 40. 7, Earum 1111611161 11661600·
37.11161111.6,114.611661- 3311 l, 167. 3436. 3367. 6111111611 6111616 1661161 13, ,
1111663461. 16666, 4, 146661.16.1,6666, 661 ³

73311669. 11411 394. 401. 9, 411. 13, 307. 6666116661 66161661 18
ultricem saginum 11690 869 . 66661611 vos 19, 364
ultrices 111111 4, 473. 610. 01116 1111111166 praedem sub 3. 6, 6. unanimos 1161166 7, 386
11974 131660167311331. 6666 manus 3, 317
61111616 11616616 3, 637 11963. ,6666161166εώ 6661 genis. 616111 G. 1, 19.
611116 Tisiphone 6, 670 3, 603. 6, 461. 490. 13, 1616161169,333

 

