74 mm

1111111,879.6,1.116.7748, 11111111111111111. 8808860406ζὶ 114.
11111 111111111111111, 111 111. 111111. 111. 1
11111111,11.111.111.117. 888877 94186688170161.
111. 11111. 111111. 4, clypeo· 1111. 111. 111111 111111. 1111. 111 11.
111. 111. 111111. 111111. elypeum 1, 111. 1, 111. 1, 111 111. 1111. 1111.
687. OM. 811161. 8486, 688. 789. 8, 447. 788. 8, 870. 111. 4119. 480. 604. 641. 10
111111 1111111111. 111.11,111.111.111 11, 111. 111. 1111111111,
111111. 166 10.884.18,88.866 18781886161174618, ,
1111111 G. 1, 86618. 8, 8110. 11 1111118488 186 407.468.676.761 ¹
111.1,111.1,111.1,111 11111111111111 11111111 ’
716. 8, 676. 1888 01111111,771.10,816 1111616896
1111111,111.1,1.1,11 1111118881 01118170
1111111611 9, 80. 8, 61. 167. 4, 1111111111 Δ1.7,48 capent 18, 841
611671111111 11111118,186.7,608.18,467 1611118.7,19.0.1,818 ’
11111111 08688. AE. 7, ωῚ 6111118660 , 1111111118.8,88
1111111 AE. 6, 88. 66. 868. 6, 1111111,668 oepit E. 8, lo„ 0. 8811.
m· ⁹2⁸⁸. ¹⁰, ml fi 6181381414791Ε164 ffl- ὢν 115211 ὁ) mh
11111 10, 818 ,7,668 688 .
clauda 6, 878 0011111 7, 478 mepta E. 8, 18. AE. 6, 861
claudentur 1, 884 0111116111 1611114,86
claudere 11, 888 cocytus 6, 188 1111118, 102 ¹
1111111111 11 611111,1,11 11 1111184161
claudes G. 8, 881 Codro 7, m. 88 4819, 896686. 10, 461
0111111ιῶ.7,708 11111111.1,117.616.1,811. emptorum 8,70
1111811118 478 11898 · 11111118,481
11111111. 11111116 1111111.1,1.1111,111 1111111111
111877 16111116111,11.887.8,879. 11111110.4,416.Ι66411 .
11110111 118, 111. 6, 86 11, 61. 18, 167 11111 11611107 .
8111111111· AE. 1, 888 1111111116, 7³⁰ coetnm 1, 786. 6, 48
11111111, 188. 7, 809 1111111111 7, m Coeum G. l 879
111111111111111111 111 1. 1111. 1111111. 1111111,11.1.1,111
111111 1188681818, 818 88688741760881869. 1111111888
alnum 1, 111 1111111111. 111. 0030 1111. (1.1,11
1111111111 1, 811. 11, 664 4, 68. 100. 168. 186. AE 1, cogemur Ε. 18, 887
1111 1111 · 111.111.111.111.1,111. ungenda (1.1,11
1111111 11. 4, 868. 868. AE. 8, 888800.4,184.461.6,808. cogente AE. 18488
886 886. 861. 6,118. 868. 678. cogentibus 0-810
111111 (11111. m. 1111. 111. 111. 1111. 111. 111 nofe„ 11111. (1.1,166
11111111 111. 1, 11. 111. 111. 1, 11. 1111
1111111111111111111, 680.10,176.896.11,686. 111118.8,7
11 11111111 1111111, 111
61111010.8,161.Ε.1,66.8, 1111111111 1111666111, 61 1111118681
868. 491. 8, 411. 7, 186 8, 97. 117 113118, 68. 4, 418. 10, 61
111 11111111, 111 vogn 1. 111 11. 1811
61111111 18888 1111111118,688 46811886
01111111, 707 1111111111 8, 81 cogite 11. 8, 88. 111 1¹2 ⁴⁶³
11111111 6, 177. 888. 10, 818 11111111 6, 796 cogitet G. 1, 468 1
clienti 1, 111 1111 n. 1, 11. 1, 1. 1, 11. 11. 1111111111. 1. 1411 1
81110.4,841 .,. . ,8608811 mo 1
Clitumnum 866. 474. 487. 8806. 884 113111118608
111118.9,8.0.8,808 848. , . ,887 1186. 1111161181
1111111,111.1,111 406. . , ,888 881. 1131011888
(7111101111 AE. 1, m 610. 898. ,8. 186. 681. 688. cognitus 1688
111111111111111 111. , 1. 111111. 111 1111111111111
(11111111 1111111111. 111. 111. 11 1111111,111.8,1311”’
81111111 9, 674. 10, 748 461. 616. 697. 648, 806. 788 884. 860. 708. 61 m· ΜΗ·
1111111, 111 111. 111. 111. 1, 11. 111. 1, 1111111118
8111110,167 191. 8417, 140. 141. 980. cognominis 8,48
Clusinis 11111 111. 111. 11. 111 111 1151111111. „ww-
1111111 1. 1, 111 111111111111111111. 1. 1, 1111111111 Μ’
clypeata 87788 881. 808. 111016. 848. 888. 1881011898
clypei 8, 887. m. 646. 8, 11, 188. 810 18, 761 846 cognoscit 18108
11τ.1,111.1,111.11,111 111. 111111 111 1111111111 1. 116 ffl-
477. 646. 668. w. 18, 641. 11111111161 (1.1,888Μ1 maevium ⁹1²⁴
681818. oogn ³7⁶. ·
,88886
‚mm ,

111 111. 1111151.
‘'yffi‘' 11111. 11, 111. ἒ 1ῗῶιέ 'ng

 

