11 1111111. 111

qualum G. 9, 186. 199. 198. 4, 599. tempestus 7, 999. 111111. AE. 8, 995
418. AE. 5, 453. 10, 499. 111111.111111511115,ω9 quatuor 11. 5, 65. G. 1, 958. 3,
11, ω 51111111 111111 8, 737 51. 113. 4, 997. 998. 538.
qualo· 1, 759. 9, 993. 3, 579. 5111111 11111 5, 899 541. 550. 111117. 5, 115.
9, 579. 19, 954. 511. 11, 51111111151114,49 1111111115, 639. 599. 5, 948. 587. 7,
⁶5⁹ 111 111, 1, 111. 11, 111
5111117,91)0.19,909 511110 magis G. 4, 411 51111111 prope 111 11111511
511111 E. 8,85. 99974. 591. 5111111 gemitu! 19. 6, 879. enumerem 111111· 1 uisum 111.
3, 541. 5, 574. 9, 551. 9, labores 19, 33 51111111 implorum 111. 10, ’19

109 5111111118.1,95. 54. 5, quen 111511115151

5111111111 5111111111- 16. 7, 51. 9, 19. 111, 74. G. 51111111 8, 577

11111111. ,1959511 31, 9, 991. 991. 378. 4, 101. 5111511119.3,51.8,35.9,
315.4311.498.5,171.4,59. E. 1, 358. 9, 974. 4, 5. 17. mmm
143.391.5,913.973.5,784. 5, 731. 898. 855 3, 493. 511115118955. G. 4, 994.
8, 589. 899. 9, 553. 710. 19, 10, 779. 11, 57. 154. 19, AE. 3, 459. 5, 551. 5, 899.
134. 555. 11,499. 694. 19, 19 7, 519. 9,159. 11, 731. 19,
4, 331451 5111111 1, 719. 759. 3, 641. 759

511111 G. 9, 941 6, 579. 9, 558. 11, 983. 19, 111111 51161 4, 577

51111 1111111911. 1,51. G. 701. 511799 911111111111. propr. 11119,
1,993.5113,349.9,969.537. qum (1.9,35 AE. 1, 697. 7, 584
4, 805. 307. AE. 3, 956. 387. 139. 499. 8, 973 quercu E. 7, 13. G. 1, 159. 349.
4, 97. 5, 141 9,115 quum 111111 G. 3199111111 AE. 5, 779. 8, 615

51111 pru 51111011 Β. 9, 90. 3397 5111111114,441. 7, 5119. 11,5
5118190. uquam, 193. quarto 1111 1, 489. 1111111 5111111 Ε. 1, 17. 4, 30. 5, 93.

111. 1111. 1, 111. 1. 1, 111111 1, ua. 1. 1, 11. 1, 111. 4, .

11, 1111111. 1, 111, 111. 5111111ρ1111 15111 111. 19 1, 111. 1, 111. 11,
4311111, 7, 719. 791), 915. 51111111, 5111, 511, quorum, 493
, 10,753.11,170.111399 5111, 11111111. 5111111110.1,378
51111111119111111111191, 51111115110.9,59.Ε.9, 51111111 AE. 4, 331. 8, 915.
111. 1 1111111111 1111. 1, 111 1511
5111113111 G. 1,995.3, quassabat pinum 9111111119, 51111111 1111119.4,399.ἰ11111
471. AEA, 188. qm 591 111114,Μο
quum 111111 mugit G. 3, 910. 51111111 1111111 Ε. 19, 95. 511111111111111111.1,885
309. 453. AE. 5, 30. 5, 471. 1111 111 111.6,587.1111111 5111111111111111111 511514,
1111111111911.8,481.111 7, ,19,894 453
51111111111111511111111Α, quassante legumen 1111511 G. 5111111111ςί1 111Ιί 11 111111
509 tum 1111115111 mu· 1, 71 triumpho 1111111111, (711111
51157881111111111111- quassat 1111111151111 fumum G. 1, 594. 11111111 111111
51751111 71111111111118, ᾗ. 5, Ι855. 1111111111 19, 11ἶῄἒὲ 1.ῃά ss ³⁰5
θ 1
quum 1111511111 G. 1, 50. 3, quassata 11111 4, 53. 11111 511111111111111.11,65
458. AE. l, 199. 479. 9, 749. neu 1115111 11111 naues 9, 51111111, 19
6, 398. 11, 899 91 51111111 1111511 G. 3, 398
quum 5111111114,581 5111111111 111111 11111111 1, questibus 4, 515. AE. 9, 489
quumque G. 9, 995. 4, 178 551 511111 7, 50
51111111 E. 1, 34. 4221ss. 511111 111511111111111 (1.4, 51111114, ,5, 780
511 3, 84. 4, 55. 6, 50. G. 1, 54 qul 1111119111111115,553.11
3111953190 315. 387. 511111 1, 411. 18. 9, 949. 51111 1111 11111111 11, 417
4, 905. 1913, 445. 5, 549. 948. 111511 quaterque G. 9, quique G. 1, 99. 93. 113. 9,
11111111 111,1.1,11.1,111.11, 111. 1. 1, 11. 1 111. 111
quando 111. u. 1911111- 111 111. 111. 1111111111.
1111111111 1, 959. 9, 193. 4, 511111111 cumpo· 11, 513 739. 19, 795. 795
998. 314. AE. 3, 500. 9, 179. 51111111111111 10, 999 511 uuus? 11111 domu 1 9,
10,· 979. 898. 11, 653. 19, 5119111111111111111 7,143. 114
749. 851 11111111197591111111111, 511111111,899
quando cunjunctio 1, 951. 9, 5551111111 11111119,449 511117,131
445. 4, 991. 315. 5, 50. 195. 5111111 1111 111111 1111111 G. 3, 511 11 eumque 19, 51
183. 8, 179. 9, 197. 10, 355. 495. 1115111111 AE. 9, 511. 5111111. 1, 415. 9, 985. 3, 979.
11, 8895119635 11111111111111113,30.111- Ram. 4,595. 5, 981. 19,
51115151111119.3,55.Ε.7, helinannus 5, 909. 439. 898
547. 10, 195. 11, 587 9, 814. sonte· Tisiphone 5, 5111111115, 13. 10, 5
5111151111 F.. 8, 19. G. 1, 49. 571. ungula 1111111118595. quinne 4, 538
119919. 999. 631 1111. 11, 875. ορ 1111 henou, 5111115119103818583.
5, 195. 5, 894. 19, 857. 11, 698. 11111111 15767. 15111 9, 909. 999. 10, 739. 11,
9, 415. 19, 745 19, 338. 1111 1111111110- 955.591.848
quanta 11111. Joem. experientia 1111111 19, 370 511511111111 Ε. 1,41.7,14.
G. 1, 4. 11 111 11111 19. 9, 5111111111111 (1.3,1391111 1111111111,91.11111113,11

 

