1oe INDEX

AE 3, 448, 380. 493. 618. 11166116666111111. 19,8 481. 3, 384. 19. 8,.687 0.
674. 699. 69011, 81. 399. 1166116666661117,4.1166616 414 7, 677. 9, 96 1161. G 9,
489. 690 1594. 678, 5, 196. 416, 6, 789 181. 3919. AE. 1, 3149,
698. 6, 838. 468. 641. 786. signavit 11161 6111116116, 696 686. 6, 481. 7, 66810, 709.
880 998499.70,161.1136161161111116611616 11811906
193.11,833 19, 197 171 silvae. 9, 69 3, 67. 4 8 o,
1111661 6161111. Ι,336. 9,1, 116616611116661111661. 19, 98.6,39.8,69.10,8.117.
477,4,.58951.1,969,,8 699 (1,,1149.,.9117 136. 4411.
141.111,176.11,878 113611 66116171 361. 8941111 690 3,9. 161 9110. 913 AE.
1111111611 E. ,1, 41 69, 684. 4, 919. 666 1111111114, 968. 9, 418. 4, 693. 6, 988. 6,
9,99.(1.9,497.ΙΕ.1,93,1616666 rigentem [1617616 131.7,616.11,816
71739163 999. 687. 6, AE. 1,684.11ροι·16γ1611166, 1111161 (1. Ι, 76. 9. 907. 414.
966. 7, 767 1116919097. 967. 1661611661 61611616, 4, 978 AE’. 3, 91. 968. 6,

16661161 111166. 1361111111Γ1161111661 111 161. 6111661656. ³

19, 196, 798 66116111 11, 67 6415 1988719599
1111111171 10, 08. G l, 1. 73, signo, qt osngno 6111161661 nu 81111666. 1, 90

3, 394. AE'. 8,904. 4,300. 1111018841616616616681. 8111166111. 8, 600

19, 461 8,997.16177168,818.1711ο 8111166616. 9, 494
1166161616613, 686 79199 817116118,10,94 ·
116661616366170,8 1136111166 ortus E. 9, 46. 61111· silvarum G. 9,91. 96 Ε. 6,
11116166 clypeo 19, 167 111111 611166 1, 939. 61111111 967

1

1111611111. 4, 997 61611611, 967 111111616916646. 1
Sidicinum uomAE.,7 797 signum 1166611 impressit 1, 4,36, 68. 6,9. G 1,4611.

Sidona 8 66 111111 9116111116 963. 66611616 1666 AE 1, 481. 9486 4,63 Μ. 383. =

1,6Ι9 448.6113,939.116614,167. AE. 9307. 4, 79 6,(777. ,

Sidonia 6116, soem. 111116 1. date puppi 8, 610. 11111111 6,8 7..386 4114 8,,96 8,1

446.613.9,966,17,74,161, 61166666111111116, 180. ex· 378, 606, 11, 134. 818. 19,
611164, 848 1616111616, 137. 17611116, 678. 688

811766116161116611, 678. 61111- 616117, 818 dedit buccina 1111611116 16611618, 1,9. uu·
1131333176 313111 71011733 3 535¹“⁰“¹¹“‘“⁶'⁶⁶“

8136616661168, 671 693.61616118,634.1711111116 silvestres (1666619309. 116Ι 1

81666161 11111614, 688 buccina 17, 474. dat 61616 9, 874
1111661 1666616611 6, 903 19, 946. 767 111161166111616 Ε. 8, 70
11116161,39.4,934.18.,9 8113 19, 776 111116611113611111. 9, 9

700.7,916,8,681.17,61111·1(1.3,146111161111116111166119783116Ἰ

960 1116661,6166611 16 61161161 1661613411. (1611111618
81161 4161119 319 AE. 3, 39 348

9111111691 1116666661610,79’1 1111611111 11166161 E. 6, 7. ³

111661111683040161116111111 111661 arrectisque 161161111111- 1161118. 9, 673
1333113119333 1111111199 ¹⁶⁴ 1138133131 111
1,477.1661613,9·10. 1661· 11116161166610. 1,476.616· 1111116.9,6.8,97.(1.1,966.

, 11166163,440.6111661661111- 1116 AE. 6904 obstupuere 9,.810 898. 849 404. 8,149.

116111616611111, 439. 7666 11, 190 4,981.911.1,164.669678,

111613, 6113 1111116611171 1116611 666164 6977, 87, 109 3,449,.583 580. 67514. 899. .

4,10811111 1116116 AE. 3, 1111161111, 7311. 9,956. 765,,8 6391. (1,906. 7114 766. 7, ¹

888.11611661116,590.611161 179. 6, 966. 111, 63. 11, 179,491,606,10,984011.
decoris 6, 647. quoe 161161 941 41711,631, 68616 sih-is

1131123331. 111117 ,7. 313113139333316 3817113 81713· 131 ¹

661117,788.16[)6161161’61 8116661611.6,14 4, 473. 62. 3, 646. 6,971.

111617, 666, serre 7, 698. 1116166116119, 19 ³5⁹.11,⁸951’2‚2oe
8,.498 116611869166711 1111161106061116616161.10, 81111616,763.769

46160161 111 6161666168,101 1166919 AE. 4. 6369,

919161111661016 9, 394. 1111119196. 4499. 1611116111. 916

sequantur 70, 968 dant 9,67.6616.1,947.11·16·1166616111617.10,7

grues 10, 9686111661 711, 6111116 mum 16,6,197.1116171611111116611111 1161111161 1
310 1611111110, 109 Ε. 7, 91. locum G. 9,966 ,

signans 616 puer 1616111179, 61616116 1166116604, 189 16311616661611611666 611·
181 17161711 6,471,609,8,938 61611117. 8,(749

11161616611163166616166611111668116 nimiu 61616616616161 E.,l 1

116611.9,969.61616661111 11116161, 174 93. revirescere G. 2, 818,
66111111 AE. 9, 413. 6111616 11116116, 1, 135. AE. 6, 7 nimbo AE 581⁷. 1111111111·
5, 317 11116161 G. 1, 74 1111616684
1136161161 9 697 11116 11111, 196 1 116111666111361 61111768,
1116111 6116661661 196 1771161111 G. 7,169.9,17. 744

 

