611 1708118. 168

684. 9, 612. 16, 668. 677. AE. 6, 788Ι 811111111111111131116,668
. 11111111 6811421623ωῇ G. 8, 11311ξέρῶηέ 'genus G. 2, 451 Βοιζιιὲῗωῗ6ῗ4267ῗὲ62ωοη·
146. [111161671111111. scindebant 611111 iignum l, 81111111166, 122
plur. 11111118, 261 144 Scyllis psus. biformes 6, 286
susi G. 4, 422. AE. 2, 868. 4, 1111611111 qereum AE. 7, 616 Scyiioesm 11111111 1,266

152. 16, 668. 866 scindendum scium G. 2, 8911 81111111 E. 6, 74. AE. 3, 421.
susis G. 2, 166. 622. 61. 2, 618. scindens viem AE. 16, 766 482. 684

6271. 766. 5, 264. 7, 667. 1111111111 terrem G. 6, 166. 1111- scyphus 8, 278

8, 166. 266. 417. 9, 666. 866. lum 11111 AE. 6146. robore Scyris pubes 2, 477

16161 1111116187 Δ8111111111 11111111 G. 6, 167.
1111 G 1, 267. 2, coi. AE. 1, scindimus 11111 equor G. 1, 1111116, 646

672131, 2484478686ῗῶρῖ3, 118311111111111111111111- {cyzim E· 1,OE G· l, ΜΟ

416. 698. 11, 721 11111114, 426Ᾱῖ. 1,]61. 11 Se 1111111 nymphi AE. 7, 764
1111111111111 E 6, 84 nubes 1,ee7. se sunguine sb 1111111111 1111111 8, 674. esm-
saxosis 1111111111 G. 2, 111 111 genus 1111111111 8, 142. pos 11111 ere 16, 214. 6111-
ssxosum 111111 Hypanis 4, crines 11111111 12, 816 ius 16, 222

876 1111111111 11161111 111111111 11111111 1111116267. fluuius
1111ιέΙὲ 6ἕ.21ξό8,31ἑθ25.3, ἐξ. ἔυΙΙςΘιῗ 2, 89. cuncis robur 16411111162111116111116,

1 · 1 · · · 1

ro, 111. 111111. 11ζ ces. secuturarum 1111111111 1111111111.

866664 1111611111 excudit 111111 1, 1111116111116,687
scaber sophus G. 6214 174 11111111 11111111 G. 3, 126 pers
1116116226 1111111111111111116.1,862 11111111 earnes AE. 1,212.
11111111] 8, 266 1111 E. 8, 46. 1218, 1162. 16, Carpathium Liirfcumque 6,
111111116441 964 , 696.111111111116,66.
scabre rubigine 1, 466 Scipiades G. 2, 176. 11,1,141 ponium 6, 166
Scurio [111111 8, 661 11111 G 2, 166. AE. 1, 682. 8, 1111111111 1111111668
8111111 11112, 612 686.11,644.12,764.ρο11· 11111 11111111 [1111116. 1,466.
111111 ,44216676 1111116111111111112,896 466. crinem 1111116 AE. 4,
111111 6, 624 1111111 11 ignoscere Messes G. 764. Pristis [equore fuge 6,
1111116,667.16,664 4, 489 218. 1111 vium 111 neves
scandit 1111111111 Ι11111111 2, 1111118.2,86.111111111111- ,161111 6, 896. 11111 pen·

267 beoss AE 1, 66 dentis 11111 6, 831. 1111111·

1111111111 muros 9, 87 1111 G. 4, 447. 611 ,2. 12, 146. quisque spem 16167. 11ιῖ111-

1111111111111111112,461 764 1111311111111111116, 66.
1111111111 (1. 1,]16 ¹ 1111111 nom. Ι11111111111111 6, sgmen medium curru 16,
1111111111 pies 1111111 111. 8, 47811111. 11111118, 762. veste 4461111111 111111 16268.
42 12, 669 quicumque siem 12, 868
111111111 nem. scm. insessis 111111111111111111111111111, 11111111111111111112,689
belii 7, 461 1611111666 266 11111 piscius glucies E. 16, 49
1111111111] 11111111 2, 261. 1111111 11 querere ceusu 2, secessu 11 longo 8161666,
geniem 6, 187 166 226
1111111111 1111111 2, 676 scitatum 1111111 81111111 111111- secius, 111 1111111 G. 2, 277.
1111111111 sunguine 12, 649 11112, 114 111 secius 8, 867. 6, 441.
1111111111] frigus G. 2, 266. scopuli 6. 6, 268. 1116166. haud 111161 AE. 7, 781
111111Ε.6,668 8, 666. 666. 7, 686. 8, 192 1111161111111111,662
sedere 1, 647. 2, 686 1111111111 G. 2, 877. 6, 261. AE. 11111111 11111 rirgc 6, 446
sceleris 8. 4, 16. AE. 8, 664. 8, 1, 166. 4, 886. 446 seclusum nemus 11 1111111-
266 scopulo G. 4, 486. 111. 1, 146. 1111116 6, 764
scelerum (1.1,666 AE. 2,166. 5, 166. leo. 216. 276. 8, 1111111111116.4,468.811111-
164. 6661. 6, 626666. 6211. 6111116681 111 AE. 6, 16. et sedem
8, 668. 11, 268 111 *sios G. 8, 276. AE. 6, 272. 1811116468
secius E. 9, 17. AE. 1, 866. 2, 6716. 676. 4, 266. 6, los. 864. 111111111111. [1111111111 An·
126. 226. 6, 766. 6, 611. 11, 274 625 1111116266. iu 11111111 4,
712. 7, 867. 11, 467 scopulum 1, 186 464161. sede 2, 668. 111111.
scens G. 6, 24. AE. 1, 164 Scorpius G. 1, 86 plur. 1111 1111111116, 418
111111 1, 426. 4, 471 scrobibus 2, 66. 285. 266. 2& 11111117111611111111 111 111-
1111111 1, 67. 78. 268. 4, 567, scrupos spelunca AE. 6268 1111 6, 616
7, 178. 262. 422. 66 11111 1, 161. 8, 287. 7, rm. 8, secreti gen. fluminis 8, 8891
11111118,211.7,666.1,211. 68. 669. 6, 229. 666. 12, 1111111111111111111116,
1686216288 186668 . 446
sceptro 8, 666 1111111 1111116876 11111111 sedibus 7, 771
sceptrum G. 2, 686. AE. 1, 668. 1111118, 662 1111111111118,676
7, 247. 12, 266 611. 111111 16, 666 secretum 1 numinensium 8,
11111 G. 6474. 1111111111111 scutorum 8, 662 1116

 

