111 11111119

1111111111111111111111· 1111118191 16611119
611 G. 1, 938. au. abiete 1111111111611161111111116111 11611111111161116111111111
61.9,16.111114,696 1164911111111111111116, (1.4,944 111104,614.111·
11111111 ento· E. 3, 76 74. est pernumium 10, 1 111111 sume Ε.. 1, 996.
111’11111116111611111.11,30 931111111111710111111111- 1111160116,665.11611111116
1111011111119,978.111111111· 1161. 6, 69. hoc 11111 11111- 7,193.111111111’1111618,7161.
to AE. 3, 464. 1666116, que merique 9, 499. 1111- 11619640111161111110,
914 11111111011111111119Α93. 1118. 1111 1111ο1 10, 409.
1114111111111111611111111 (1.3, ffitfflg 1111011111 :g ww 33⁴⁶oe 111 busti· 11111 19,
1 111 ·
”cuit 116 nubibus 1111111 AE. 61111 9, 649 116111 in limine 111114, 473
6, 668. 9, 16 secute 1111 qm (1.4, 161. cedentes necem 11116111 11,
cecum 1111111. nem 1111111 0111611161. 1, 460
11ιέἓὲ nm· ,1111111411111 9, ἐξ. que quemque 11111 7, ffigaeixlgugeffl 11, 6911 m
·.n . unone 111111·
necunde 1111111 8, 933 neutum 11111111 senno 6, 467 301
secundarent 1111111113, 36 secuti 6111116111 G. 4, 919. 1161111 1111116 fixum 11111111-
11111611 111119, 617 deum precepta 4, 448. non tumque 4, 16
1111161111ο111111111111 61 7, 11 tueque 111111 AE. 3, 166. 1161111111111611 petendu G.
919 quemque pueri 6,661. qui 4, 8. 111111711111 Ε.
11111611111111111 G. 4, 397 enne 6, 619. qui cigna 8, 6, 769
1111161111111161111111 Ε. 69. response 10, 33. qui 1161111111 1,906. 947. 416
3, 690. Zephyri 6, 39 me meaque 111111 10, 679 667. 9, 939. 437. 649. 760.
1111161111111111161169, 71111111111111111111111· 786. 3,193. 167. 6, 431. ,
lul. 111111 AE. 1, 907. 3, 1111111116 persequentesl’oe- 639 7,69.168. 176. nu& ¹
301. 10, 609. ventis 3, 683. 11110,738.611111111111111111 11, 44. infernus 8, 944.
7, 93. ventis 11 611 8, 689 eventumque 11,768 Tarum· 8, cut. 1161 pc·
111116111110,3,447.1Ε.8, 111111111111111111161111117, nene? 3, 88. metenda 3,
649. curru 1, 166. fremitu 662 161
6, 338. clamore 6, 491. 10, secutum 11111111 11116911- 11611 11, 10, 71. AE. 1, 664,
9116.11ι111117,494. 1111111118, 1111611161.11,161 186. 10,169. 11,937 m ,
90. [1161 8, 309. 10, 966. secutus G. 9, 306. AE. 3, 397. 8371111111 (1.3,46611111 1
Μ111110,91.11,899.0111· 6, 996. 6, 170. 10, 893. 19, 11111οῶ.9,660. 16611116 1
111111111111 10,687 301. 364 380. 6111 1111 6, 4111 circum 1111191116
111116111111111111111113,466. 1, 389. 111 fugientem 1111 6111163111,11ο.11111
Ζ1ρὴγ1ο14,669 vnce 1, 406. 9, 17111111· eternumque 1161611 ’7111-
111116111 11 11161116111111 11111111 3, 64. 61111 voce 11116, 617. Si 16 uma
,6111111393811111111111111 7, 919. 1111 11111111 9, 111 7, 368 111111116611
vincte 111. 6, 968 9114. quem 1111111 teloque 9, sententie pugne 7, 611
secundum 61111111 juxte 0. 3, 669 cedetis pontu 7, 901
143 116 1111111111. 1,]9,9,66. (1.1, 11616111 G. 4, 66. 471. Ε. 1,
secundus bend 11111 veterum 79. 306. AE. ³, 641 94. 9, 465. 611. 664. 6169
1111111161.11,441.111111111 1111211(Ὴὲ (1.9,103 13619. {g} 398 371. 7, 776 11,
1111111111161111111169, 11611111 0. 3, 909. AE. 3, 116111 gramineo 8, 176
4117.11161.1,9110.111111.ρὶ111. 966. 6, 680. 6, 1411. 9, 1169111116 vivo 1,167
ona u. ³, 111 nee. 11111111. cen 11, 11111111 n. 1111
secures AE. 6, 819. 7, 184. 380 11611 1111111161 9,1134
cut 1161111111,19 9,104.6,396. 11611 inguine ime 11111110,
1111111 sudet. 6, 894. 7, 610. 6, 98 786. 611111111111 11,661
19, 306 1161111111116111 9, 30 seditio 1, 149
1111111 1611111111111111111117, cedato pectore 9, 740. corde seditione 11, 340
904 19,18 1161111111 111111 1111111 111114,
1111116116. 3, 364. M, 1161 1, 681. 9, 626. 668. 3, 386
180 687. 4, 604. 7, 1113. 394. 1111111.1,47.4,199.Λ3,
securim 9, 994. 11, 666. 46419810 1491110110.9,149.1111-
6116 1161111 spectentque 111111 19, nun Ε. 3, 411. 1111 hom
11111101 11111116, 716 16 cit strictis 11111611 7, 190.
11111111111111111 1, 360. 10, cedent vestibulo custodie 6, 61111111111111111111111116·
39 676 11169119 603
111111, nomentanum. 116161111111 1111111116, tegetem 011,919319.9,411.
= 1111411111111111. 411 111911
111116 secde 9, 389. 4, 447. 1161611 9, 674 7, 187. 9, 4 tegetes E. 1, 79. 6, 31949
8, 414. 11, 814. 19, 9. 111116 sedebit 71111111 6, 617 G 1,1.64. 169. 3,193
111111113936111116111111 eedem G. 4, 998. AE. 9,716. 1111111,ΰο
1111111 11, 46661116 11161 749. 3, 190. 469. 6, 983. 677. segeti· Ε. 7, 808
11111119194. uon 11111 7, 3. 999. 669. 8, 347. 463. 1111111110. 1,119

 

