120 INDEX

01111111 pone 11111 E. 1, 74. origine G. 2, 3³6. 3, 48. 127. 111111110οω 10, 5311. refert
011011111111111111118110000. 473. 4, 2110. AE 1,2811.373. 11, 124
],270. 1101111111 4, 4111101 642751 1111711013 Orsen 10, 748
1001110110111014,3111.111· 01110 Ε 1172 1121173117, 01111011100111,590
0111114,537. 11110 si 1111110111 371. 12, 106 Orsilochus 11, 636
Achivos AE. 2, 102. rem Orion 1,535. 4, 52 orsussic Ι,325. 0011050.
[110110311011100001101- 01100113,517 12306
010010001111,-1470011001 ο11111111.1[1111101(1.4,300. 01111 0001.]’011.111111,149.
101113, 548 0010101111- 1010111111640.1111110111, 12114
01101015, 53, 100010 5102. 1180110. G. 2. 111. 11196. 011111 1111 101 111 0011111 111011-
terno consurgunt 10111. 5, 0110110511οΙ 331. 1111010101119,92
120. 000 debilis 5, 271. 00- 3110 371. 538 1110. 2, 0. 2112. 0110 sole 11010103, 150
mo palmam 0101115310. 3, 91. 111. 131, 3311. 500. 0110 in 0011110 1,432
singula pandit 11,.723, duci 715. 6, 2. 7, 30. 210. 504. 0101101111101·11111111,441
jubet 7, 2711. suo responsa 647. 8, 51. 381. 454. 10, 48. 011100 antiqui 1 1111111 AE. l,
11001011 11, 211 1114. 11114. 1155, 11200881 1126
0101110101111111,ῖ10.“17032755. Orithyia Actias G. 4, 403. 011111 antiquos signorum Ε. 9,
(1482151. vta-22 Ι1,70. 11111111] 1281 46110111111111111011111101,
14410 0111100 F.. 7, 251. AE. 011101101101 miserrima 2, 41 1. 251. nd 01101 10111 3, 217.
8, 620. 11 ordine ’1. 3, 811. 111185. 0100111001111010101· 10010111001111 1111011 noun
4,501. AE. 1,456. 5, 773. 1111110 2, 0811 4, 511. suos induxerat ,40-
7, 139. 177 ornabat cornua sertis 7, 488 101100014552. »rimosu-
ordinibus 1011011002, 217 011111·011101101(1.4,110 [merit Tium .4, 118
01110101101010114511100- 01011 01010110 11111 AE. 10, 10108255
101110, 1,2311. is 1111010· 1118 0110111111 1111111001 3, 167.
51311711. 1111011101 5,107. 01011110 torquibus 1111 G. 4, 1111011117,21111
10101117,4-1. comitum pro· 2711 01111111 ponus 3, 124. orac·
cesserat 11, 04 010100101111111001 0011110111. 101113, 143
ore G. Ι,430. 3, 203, 213. 4311. 7, 25 0111111101 3, 154. 604
5111, 4,112. 07. 201. 414. 0111111001 001000111001013. 01111101001111111011111119,
AE. 1, 206. 5511. 611, 731. 2, 7, 711 513 .
4112524. 503. 05113284. 0101110111100111011101135, 010,80.8,152.581.101119. ἒ
3734511411 70. 1502711. (18 011101101111011110 G. 3, 123011 ulceris 1010100111 G.
328. 510. fisa-³154& 4711 21 3, 454. 1100100111 ostendit
842. 0, 711. 155 ,7111 1107. 0111110151111111111000151, 100010111031111114,2ῑ12
(186. 7, 103. 1111, 4011. 451 1130 virginis 1011111111. 1,315.
9, 5. 310 411. 1113 3. 340. ornaverat quos paribus armis 10001101οι0 deo similis 1,
430. 11, 123, 132, 1111. 2511. 12, 344 580 1111,.1“1-11.1101·04,059 ,
413535 754. manas& ornavit limina donis 111620 0111111141.2,380 ¹
83711101001001011101113, 010111 2,]11 (110010100100011Ε.7,730
294. 1111111114, 17. snper 111 0100111071. AE. 4,491.6, 01101141 252111) hffifi.
0101011014, 277. 1011111 lin· 102. ΙΙ, 1311 087. 2, 400. 12, 434
801110101111 10111111 AE ⁸2, 010010 2. 5211 10, 756 (1111001111 111555
475100, 0 1101110111, 100- 0111010271 001110 nom. propr. m'n' 12,
111011110100111151001111101101 0101101111.11,577 458 .
3, 1100. savem omnes 5, 010 AE. 2, 1411. 4. 310. 4316, 01111ἶ.10,83,(1.1,497.3,451.
11 101001. 003. 11111. 10, 11111 0111 1111101.
01111101 Nympho. 0101110111, 60,000,033011101001010 0 5,81.47..’15.422.480. 187.
500 veniam 4, 435. 111101 dare (155. 223 328. 378. 7, 458.
oremus 1001010 ab ipso 11, 1111110Ιο por 00111115, 7011. Β, 2117. 380. 9, 415 10, 416.
358. pacem 11, 414 00001 (1, 100. 9, 204. vitum 11, 212. 6011. 12, 448
*0101101 3, 3:31. 4, 411 8, 577 01110 involvere olympum G.
orgia 11. 517. 7. 403. 800010 Oroden 110111. propr. viri 10, 1,25·2
nocturni G. 4, 521. triete· 732 offlam imponere Pelio 1, 281
rien AE. 4, 3113 0101101 10, 737 ossibus Ε. 3, 102. G· 31908.
01111110011011010011186. 01001001 1,113. 11334 272. 4303. AE. 1,(100 -1,
- quinquaginta 111506 0100111220 000.5,110.855.ῑ,.1.00,
0110110100 12. 87 Orphea E. 3, 46. 11, 30 50. 10, 384. 12, 30
01101010101110111010136 Orphei 4, 57. G. 4, 545. 0111000111. G. 2253 ΛΕ. 5,
011101 0110011 G. 1, 2511. 1101111 553 550 G, 188
AE. 5, 718. 011011111107, 01111110 4, 404 ostendent terris 11000 1111111,
51 Orpheus F.. 4, 55. 8.55. f 6. 869
01111110 primo 5, 42 G. 4, 451. AE. 5. 1111 ostendere aquiloni glebas G.
01110110 sizna 1100111 7, 133. 0111100111. sutm 10001 1111010, 2, 201. 10 duplices ’1111 bns,
1011110011008,58 125562.100101010111101110 011111111ὸί AE. 4, 410. has
Orientis spoliis 1,289. vires 7, 305, 111111, 111110011111110 1101001100110
8, 537 ore 1010117,435.101101111- ostenderit 1001 01101 Δ4111011

 

