11111111. uu

1111111111116111111611111 1111111111111111114,666 13411

9, 315. ruit 1111111 do 111· 1111111111 voce 6, 946 1111111111 11111111 11111 um

1111 19634 praecordia G. 9, 484. AE. 9, AE.11‚68
1111111111 G. 1, 176. 4, 398. 367. 7, 347. 9, 413. 596. 10, 111111111111111111119,367

443 643. AE. 9, 345. 6, 459 1111111111111111111116,34

717. 6, 910. 639. 9, 11111111 9, 384. 410. 436 11111111111111111111,644
“ 45 1111111111 1, 910. 9, 968. 11, prunum 11111111 91111111
praecptis 1111111111 111111 789 1111111116, 706

9, 607. 1111111 adolemus 1111111111 (1.9,60 AE. 9763. 3, Proenestu 7, 639. 3, 661

1111111131.3,646 993. 933. 944. 4, 404. 6,361. 111111111111111 7, 673
precesserat 1111111111 9, 47 11, 79. 767. 19, 966 prenuncia 11111 luctus 1111111
1111111111 11111111 10, 977 1111111111 ’111111111111111Ι 1, 130 11111111, 139
praecipiunt numerumque mo· 1111611 AG. 1. 698. 7, 749. 9, puppes ,11111 1111111111· 6, 964

dumque 1111111 11, 399 613. 10, 78 1111110611 pennis 6, 15
1111111ρὶ1 jum spe 1111111111 11, 1111111111 11111 uuum 3, 436 11111111111111111113,361

491 1111011111111111111 Ε. 1, 17 praepingue 1111111 3, 698
111111111111111 11111 mecum 6, 111161111111111 AE. 4, 464 1111111111 11111119, 133

351 praediscere 11111111 11111 mo· 11111111111111114,516
11111111111111111111111111 11111- rum G. 161111111111111111, 111111111111111113. 9, 166

11119317. 1111111111 mento 9691111111111111111111119, 11111111111111 1111111 muns 1911,

111111 4,961. 11111111 9, 670. 966 1116

111304. 111111 111111 11111 predivitis [1111111 AE. 11, 1111111111 111111111110,843

11111111111111111111,3 913 1111111111 1111111111 igue· 10,
11111111111111 11111111 Danaum 1111111111111111111111111.1, 177

1111111119,37. (futu potestus 13. mihi 11111111 AE. 3, 969. 1111111111. 111. 1 111111111-ι

4,666 hou 1111111 luctus 11111 3, 111116.66.11111.111111.1ο1111
1111111111111111 111 111119, 713 19, 469

9. longe 11111111 Aconteus 1111111 7, 369 11111111111111 1111116170

11, 617. mom 111111 19, 1111111οηί1 111774. 11,434 praescripsit 11111111611111111

099 1111101111 decus ll, 66 Vari E. 6, 19
111111111111111111118,443 praedurum viribus 011111 10, 1111111111 1111111 laborum 111
111111111111111111111111 G. 3, 359. 748 G· 31411331111110111111111111

11 11111 111. 111. 0, 176. 111111111111116,136 AE. 6, 3113. 11111111111111

111111 ugit aequure 11111 ο 1111111111111111 11, 3111 1111111 9, 404. 1111111111 111-

6, 466. projecit 11 11 11 111111111111111111111111111- 111111 19, 760

6, 360. 111611111111111, 11116113111111111110, 1111111111 Regina 111111 4,

694. 1111111111111 19, 379. 564 997

7111111111 inconsultum 19, 111111111111111111,3,4 1111111111111111111,49

735 [111111111111111111111111111111 AE 1111111111 111111 Ε. 1, 49
1111111 1111111111 11111 1111111 G. 19371111111 11, 949 presenti pignore AE. 3, 611.

1, ,11111111111111111116 1111111111 111111 hominem 10, 1111113496

nube 3, 647, cudunt 11111 911 1111111101 1111111 G. 1, 10.

4, 30. 1111111 111111 AE. 9, praefigere puppibus 1111110, 111111111111133, 174

307.11111111)119,1“116. 1111111 30 1111111161 11111. Turni urget

1111363911111111 1111 4, 111111111111 11111 1111111111 11, 1119, 73

673.111111116,Ι44 11111111 773 1111111101 111111 6, 6661111

premebat 10, 919. 11111111Ι 1111611111 111 1111111111 G. 3, 111, 699

que ruunt 11, 673. 11111111 3991111111 11 1111111 13. 9, 1111111111111,11111 111 11111111-

1111 111111 11, 896 466 1111111111 G. 9, 197. AE. 9,
1111111611 1111111111 (1.3,103 1111611161111111111111111111- 946. 11 quid 111111 19, 169

Nutu ὦ. 7, 411. 111111 3, 111117,317.111111.111111.1111- 1111111111. 7,39. G. 3, 914,

966. 11111111 11 111111111111 11111111116,567.19,439. 496. AE. 11,499

11111111 9, 460 111 virum 9, 471 prust-pibus G. 3, 396. 416. 4,
11111111111111. G· 9, 379. 8, 1111161111 1ο111111111110,479 163. AE. 1, 136. 7, 17.

61. 101. AE. 1, 990. 719. 1111111111 unguibus 1111111 975

9,119. 6, 176. 7, 746 1111111 1111118, 663 1111111111111 G. 1, 116. 9,
1111111111 11111111 5, 949 pungnant Hecuba 7, 390. saco 310
1111111111111111111111 G. 3, 74. 1111111 111, 704 111111111111111111111111111131.

AEneun 1111 11111111 111. 3, 1111111111 11111 flumina G. 3, 11, 433

177 . 180 1111111011 11111 (1111111336.
11111111111111111111, 914 1111111111 1111111 AE. 6, 641 11111116, 10, 111111111117,
1111111111 undique 11111 8, 933 1111161111 1111 G. 9, 949 8011111111111111111 19, 140
1111111111 1111.1’1111.1111111111 1111111111 G. 9, 389. AE. 1, 461. 111111ἰά11111 perdiu 11, 68

3, 430. 1111111 111111 19, 347. 606 9, 637. 4, 33. 6, 70. 1111111111 1111111 juvenis 19,

au. uupu 11111111 G. 4, 999. 303. 346. 486. 11963. 19 .

393 11111.111111.111111111 971. 11,78.367.19,360. prestantes 11111111 11111 3,

13. 10, 397 437. 766. 11111111011111111111 643

 

