2114 lxm-:x

1101101 10 011010 3, 70. 6, vocemus 000100 10 mgna 11, 110111 01111100 AE. 1, 310. 10-
764, numina 3, 261. con· 322 00611141040004.
jugium 4, 172. 6000001001 vocent 10 10010 Cererem 010· 00000114,20011101006,
4,2611.1001001110000110100 0101011.1,347 324. Euryalus 6, 313. curru
4, 417. 006000 10001 ver· 00000 verb. 10 quascumque 0011000010 6313101101· ,
umus 11016, Q. Epytiden 00000 artes arbom 2, 62 nd 00100 7, 466. 1010 obvius

5, 647. Teucros 10 templa 00000 nomen 1, 4111. 61. 1, ipse 8‚111. 11010 001000 9, 1
0110010101 6, 41. 00010 10 409. 2, 93. 230. 763. 3, 666. 6113.7010110011,746.1110 ι

certamina 111100 6, 172. 4, 439. 460. 6, 4119. 432. 10100112151100100010,
0000111010 643610110100- 7236444211. 639. 7, 911. 430. per 1100100 Sam 12,
10 Menelaum 6, 626. ug· 3, 70. 10, 322 377. 634. 340. 6611110010 12023
10100 00101001 6, 672. aux· 12, 313. ad 0111010 jactant 00101110 10111110 4, 71. 8, 694
ilium 7, 604. agmina 1111- montes 12. 6, 62 10101100137, 19
111000360311030007614. vocet AE. 61111 11, 442. 0010110116. 1,626
11101010 7, 694. agmina 010- 740. vela in 011010 3, 466. 001001006106. 2, 36
110 3,(1911. ipsa 100 nos 0, 000012, 126. num 00101- 00101ιο AE. 3, 467. 6,146. 10,
320. 0000111001 divom 00101· tus G. 3, 194 677. 12, 333
10, 2. 101101 ultimus 010000 voci 2, 634. 11, 161 101001 6, 76. 36
11,476. qni· fortuna 12,677 vocibus 1, 64. 671. 3, 314. 4, 1010010 6313
000010 precibus Anchisen 7, 301. 447. 6, 708. 6, 493. volentem ῦ.4,501.111.2,790.
133.110111011,275 7, 420. 1133. 11,274. 7311 6,712.11,133.12,203
11001111 clamore 011 sedes 2, vociferans 2, 679. 7, 31111. 9, volentes G. 3, 129. 4, 661. AE.
437. 0000111 accipiunt 6, 6116.111,661.12,96 3276

471. 10100000000116100100 10010 3, 669. 6, 649. 7, 634. volentia quos 1010 000010111- 1

5, 631 11, 343 1010 0116 30. G. 2, 6011
1000110 ventis 3, 263. 5, 211. 00010 offensa 1001111111 imago volentibus 0011010111. 7,216
3, 707. 0000110 ex 111010 6, Ι6. 4, 60 0061011001 01100011οω milite
244. patribus 11111 jura 6, 1000101100100010001010 AE. Volsoilhfflt}
76600001101010 1101017, 3, 133101110001101100100000 1101111100 0011006.3,147. 101110

246. soceris 11,106, [10111- 12131 1371114. 11473. 101110 7, 1

01001110000110111,3711 vocum septem 11100110ιὶ011 6, 373. 11110013, 666. Turnus
0000101 exaudire 1, 219 616 12, 323
vocaturum 00101110 Dido 4, volabant gentes populique 6, 10111001 010110 6, 329. 1111010- 1
304 7061000 0010011107, 34 res 12, 126 1

vocatus subse. 000. meos 000- volabat Cyllenius 4, 216 101110011000101100 mo. 01- 1

qnam 1100110111, 0 1101110 12, 00101000110101103, 124 10010010 7, su

116 001001001001100,100 0011101011000000.1,300.000 ¹

0000100 Apollo G. -1, 7. 13. 3, volun· ,101ος0110 00Ιο (1.2,41 ora 110101 3, 9. 10011Ιο10 AE.
396 per aperta equus 3, 194. 11666. 111100 010000100106,
vocaveris votis imbrem G. l, 00110 dat 10111οο00000 AE. 293. sugam 0011006114 10,
167 1,166. 101101· 10 0100 6, 216. 641
vocavi Creusam AE. 2, 770 10 nubila fugit 0010 6, 612. volitaverit alis Philomelam,
voce deus 4, 6311. 0110100 mundo 5, 626. Somnus 6, 31
1011000116 voce 6, 606 361. 110010 9, 411. 10, 336. 1010011 110 genta (11110111οὢ7,
vocavit divos 3, 626. fratrum 476. 77712270. imago 10, 3113
10 vota 5,514. ad 0000 10 664. fama 11, 1311. 000110 10110000 9, 376. 426
10010 Teucros 7, 1113. di· 11, 761. 101000100100100 12, 1010001110 11, 3711. 439. 10, 663
von 10 vom 7,471.1011000 247. curru 10101110 12,·1711 1010000100 9, 439. 461
0101101131ιο00 111, 373010· 001001 incerta 0100110011. 4, 1010001001 11, 167. 432. 463.
1110 nomine 601010Ιο, 0111· 1113. 10000 01 0010 AE. 1, 493. 303
1011 parte, Camillum 11, 161111101011163411016011, Volscos 11. 2, 163
642.10110100110111110112,760 331. 000112,334. 10000011 101110010160011010 AE. 4, 671
vnce 14. 3, 51. 6, 43. G. 4, 320. 10010 12, 666 0111011110 buxum 7, 369
605. 13. 1, 114. 21111. 406. 2, volantem 1011 1101101110 6, 219. 0010010111 Eurum 1, 317. co·
127 378. 3, 63. 172. 177. 01101010 12, 370 lumbam 6, 433. agilum
320.461.4,76. 01111010. 1010111011 nom. columban 6, 16856
61361119. 7,212. 614 0, 191. volucres 6, 239. acc. 00111010001111.(1. 1, 410. 3,
17. 403. 10, 191. 623. 644. 0111101010. l, 321. 001100 3, 243. 4,11.AE. 3, 241. 262.

001. 11, 1111. 1001101010 181. 0101, 10 4, 010. 0111. 10011. adj. ¹

vocnt G. 1, 333. 13. 4, 631. 001001101111010111.6,623 0001. sagium 12, 416. 010.

6, 606. 111, 373, 12433. 639 volantum vitae 014010 6, 723 100100 0. 2, 217. 001·ιο AE.
vocem 1, 371. 726. 2, 129. 1010100100010010 G. 4226. 6611311795. 1010011433.

3, 246. 467. 613. 4, 369. 663. ignes 1111 10010 AE. 12, 606 volucri 000100 2, 794 6, 7112.

621. 6, 149. 6, 402. 7, 614. 1010101001 000100000061 7, sagitta 6, 242 nundin· 6,

610. 3, 166. 217. 0, 321. 3113 644. 0111111 111,Μο

660. 10, 343. 11, 793. 12, volat 011100 G. 1,364. 01103, voluerum 3, 361. 7, 706. 3,

00. 111. 001.. 000 101. 1111 equa 0001. 110 0001101001. nme* ,

 

