140 umnx

3, 370. 337 11111001101111110111111110, 111111 1111011111 9,07. 1111111
11011110.1,111.10.1,001.0, 011. 111111 111111 1111011111, 0110111119,739.1111111110

107. 300. 4, 80. 110. 000. 0, 07. 0101110011 0,330.11· 0,813.1111οηω111110,

00, 78. 754. 8, 410. 0100 11111 10 11111111 1101110 3, 087. 18.11101110111111111111110, ,

4011111130. 11,380 11111 Zephyri 11111111 10, 1110
11011111 G. 1,170. 111. 8, 401. 103 1011111111 herbarum 19, 390
10, 101. 814 1101111001 11111111 0, 390 110111111 7, 045. 0, 500
1011111101 E. 1,“03. 8, 03. G. 11011111111111 nomen 7, 03 11111011000111 (1.4,100 1011-
1, 25³ posuissem 1111110114, 344 1111111 AE. 4, 031
1101111010. 0, 00. 10, 04. G. 0, 1101111 01111111 111 111010 E. 3, 1101111 110111111 9, 001
1110. 313. 3, 000. 500. 000. 40. 11111 101111 001101 G. 1, 110111 11111 (1. 4, 1011
Ε.0,09.4,3010,331.000. 100. 111101 11011011 0, 403. 110111 11111 111, 1111 pom ὃ,
9, 4401 11, 031. 301. 300. 0111100111 AE. 3, 031. 1111 4, 3, 011. 9, 790. 11, 148
10001 000111101111110110 4, 010. 110111111111113,010. 10100,
1101111111 am. 13008. AE. 1111111110,10.110010118,309. 004. pugni 0, 303 111ιῶ
0, 409ὸ G 3 4 ⁶ 1111111 111) 1111111011 0,010. 01- 1110111111111 0, 450
1 .
,m ι114141 110. 11. 71, 70. 3, 00. 141110 comas 01 1111011111οφ- 081
G· Ι, 034. 3, 107. 010. 4, trum 111 1011111111 111 111111 1101111111 1011111113, 000
148. AE. 1, 090. 0, 57. 033. 10, 0110 11011101 11110 11 3, 0011μο
4, 00. 5, 104. 000. 7, 055. 9, 11011111 long· 00111110, 715 4, 017
31030011, 01. 019 potantibus 1111111111 1111011- 11011111111011010,500. 0110110
1011 101. G. 3,70. 110. AE. 1111110111 platanum G. 4, 1111110011011111,493
1, 130. 010. 740. 0, 010. 740. 140 110111011110111111 110111 1, m.
0, 339. 501. 003. 8, 331. 1101111 110111 3, 330 00111011 0111111111 10, 040
039. 9, 301. 11, 00. 093. 1101111103,403 1101101 1111. E. 0, 71.0,0 ἒ.
10, 185 potens 1111111. ’11111111ον11 111· 3, 054. 4, 09. 111, 031. 070.
111111 11111 G. 3, 035. 4,109.544. 1111100 AE. 7, 00. 1001110110 11, 114. 443. 10, ³9. 183.
500. AE. 4, 30. 0, 300 11, 340. 10111. 11011110111 1, 011
1101111110 G. 3, 300. 1118, 031. 3, 104. 1111 0, 011. 9010110111ωοοῃ G. w 1
040 1110111111 0111 110111 7, 041. 110100111,101,0,101. AE. 1,
111111 deinde 0, 301 1111117,030.111111101101111- 030. 0, 131. 7, 005. 10,
110111 0, 300 1111 propago 10, 007 544
11011111 110111. Ι111111. 0111 3, ρο10111101111111011111111110.1, 1101010070. 111 4,19.410,
088·111011410111110111 01..0.1,1111.1010110.0, 100. 1, 1111. 11, m 11.
0, 40. 0111 0101 1,·148.10, 3737111101 AE. 0, 000. do· 177
1¹3 1111111113,438.011101111110· 1101111110 11001111. 1,00
110410· 107100· 0214611Ᾱῖ- que 1111011111 0, 047. 110· 1101111110,480.10,004
0, 440 454. 400. 490. 403. 1111111111 0, 001. 111110 Fabri· 1101111 G. 9, 4011. 3, 403. AE. 1,
7, 0011. 0, 007. 11,090 0111111 6, 1143. dextrum 7, 40. 2426, 119. 03110,
1011110111 811110 1, 10 034 300. 400. 409, 10, 41
0081111001111011101 ¹1¹0ss 10111 11011111101111101111111 0 01 101101101011111111001 12⁷.
11100 Β. 1, 11 3, 000 11, 1111111 ugo 0111111110,
1101111101,76·3,61’ ’ 1101111111 10111 (1. 1,00.11111 04
1101411101 tua 1110111 11110, 01111110.1,0011101111111 1111111111 118, 11013435
763 8, 00. 001111 01111 10, pm 11 jactant 1011101110εο
post 11101 B. 1, 00. 5,04.(1. 3, ’10 11111 9, 134. 11011 11011111
.4, 374. AE. 1, 154. 013. potentibus 11011111 4, 19. 10, 0110111111,141
500. 703. 000. 3, 1. 31. 57. 400 1111111111 11101111 11101 G. 0,
19014Ιο14631 51810134, potentum 11111011 10, 010 010 0111111 0111101 11010111
17.151.040.0,077. 11100. 1101111110 E, 3, 411 3, 301. 11011111 11111111ωῶ
000. 7, 6. 4110 0111709. 0, 1101011111 1110039 0,003
104. 1110911 710. 11, 94. 11011111 8, 005. 111770 11001111111111110111 10, 300
140 1110031. 10, 430004. 11010111 E. 1, 80. 4, 07. G. l, 1110010001011110011111111111110
739. 001045 1011131011, 140 8,·100
1101111011 111111.1“0111.1110111)1 110111014οο 1111101111 111110 3, 040
110111101101111111111.3,404. 1101011111 G. 0, 007 111001111119,40
11111111111.3,407.111111.111111. 110111 E. 7, 10. AE. 4, 000. 0, 1100111111 1011111 110 111110
1111111007 ’ 111. 300. 7, 330. 10, 01. 11100111 0111111111 11110118,
postremum 11110111 1010 11111011 030 09. 111 preceps 11111111 111111
11, 004 1101111 G. 3, 4917 000. AE. 0, G. 1, 0113. 1111111 111 hom
1101111111111111110 0.0,410 ’400 10, 30. 10, 870. 3,930.111111114,00. 111111
11010010 1111111111 0,003,11111111 933 111111111401. 11111 1111110
11111011 11110111 0, 440. non 11010011 1111111 0111 0111111111 1111011 AE. 3, 000 11 00111011
11010111111111111111111111 1111011113,070.11111011111111 10 10011 1111111 1000 1101
11011011 AE. 0, 001. 01111111 4,000.11111110111110111111011· 1110111111511. 10 1111-
10001010111110,014. 1110 11 0011111111 7, 001. 011 00111 11111111111110070.

 

111 captum 1110 11, 830. 001011110111101111111οῊ. ,

