18 . 1111199

8311431110. 8, 93 34313 1111446 998 eunte-hm. 10,188
8311433349. ’1, 07 33113344 frondes G. 1, 808 0331043418, 381
93331349. 8, ’493 34334163113114341431114414143· 3413149881. 3,.918 4081
4444443,3,331.,44384, 4,,33441 4,.,133413113441444
479 343333134141111331141339. 10, 34331310.’198393,198
14331413 G. 1, 911 099 3333133 3, 3’7
14334441113140339. 6, 908 33113319. 9, 18. (1, 4, 80. 49. 3333134310, 410
1133116, 818 3,,810 19, 4011. 4113144133, 3441313148, 1144891, 340
bubo 4313 sm 4, 409 411. 9,868’ 41313334 34113111 33331330,’818. 19118
143143131910, 111 0343380343414349184 3413133411. 4, 488
14333144 49. 1, 318. 11, 413 4314 1444133149 8, 901 3433134449. ’8,118
14333149. 8,8’0,,(1 1, 813 4, 333419. 11, 181. ’8883438 3333133411.1,..4384,8Μ
11 34114111381108. 8, 938. 4143 8184. 6, 111. 8, 64
1431311. 1,184 81693433 4013343314 3344 G. 4043991138,
14311149,’8,.,83819849 (1,1,.ω 133149, 308. 341. lom
1433144138,9,109 443313’8, 980. sp 13314 4981 3444344 141’3. G. 9, 819
14331311, 110 441139.1,080..44440,164 03443111. 1, 96.’ 008 9111
8341318148, 3 434114140,’80.11431411333 10, 813,48.Δ1.1,9833,138·
11341149 11, 901 88 1898, 618. 114
034114 19, 83’8 34344 1333494011 Cum G 1, 400
1434114141 11, 830 333431 33313349 887 3344313444 4, 881. 49. 1,111
11313140, 819. 8, 041. 11, 681. 34431 44413314 G. 8,.910 3431 19, 809
19, 8119 134313 49, 9941414334 111 334831803911848
8311113049. 8, 988 3314114344, 908. 1413141 19, 04443149.. 8, 41. (1. 8,47
14313 G 9, 481, AE. 10, 180 918 · 3344433441 34114444 49, 1, 81
1434114,414’31,,ςι41434 (1.9,448 34314 3311148, 900, 141314314 34410, 3198118
491, 889 8, 989, 494.’ parietibus 0, 3341411, 9, 081, 4984911
1441131 1334 gen. 8, 618 688. 3141143147, 018 100, 8,’868,3,898. 3811·
1143431111, 801 34331413319,’10.134114,9.8,131,’11,101.19,88’8
1141139,811’3.8,318.41431·· 34407,173’
34333 19’, 381. ,1314333 19, 3343411. 8, 98. 91314
G. 444 34413 G. 8, 90. 49, 3, 08
341331 34341340, 131 1314349, 334134 441113, 3, 878. 401. 411
(1434 49. 8, 184, 900. 918. 941. 831, 1333113411. 1, 434 494, 478. 484
808 043313491381. 10, 344 341334 E. 3, 38. G. 88 G
0433318, 999. 938 343334 3334414313 1,38Ἰ. 433· 109. 49. 1’, 383. 9, 901411·
333313311’(1.9,.98 1341, 8334313144 10 788 8, 8783114. 3,’14 111
3433341449 9, 80 ,98 8, 3343444331 41143331, 818 3181014. 8,348. 8111·
8,(1.9,301,’819., 10 330314719000090713 904.808,000,11,.81901
078 8.941,491103188, 186. 810. 407, 181. 19,40, 319
3334319.,088 680,,.894983’4.,438’400. 000
34113149. 4’,.090 8,.983 11, 0118718818. 18119490. 041411,188
188 316. 801. 11, 084 (13133411. 4, 310. 9881
34344348, 904 3311314431 10, 130 (1413147, 9
3111144334 G. 8, 007 3131111448, 489. 19, 488 (14131411, 800
3333141141441344113411191,33113333’,118 0413311411, 8, 493
98 3311349,·’411.3,488.087,708. 3414114149 3, ’48
3311314411,1,108. 83313498 8, 849, 11, 048. 198. 880 3411444431,10’.,984
113111 quo 434 cunque 499, (1311133411, 809, 10, 141 3314144349, 89. 8, 183814
708,,19908 31311148,9’00.1,017.,.8700 08.,394.11.1’,111·70.9,
cadente 831311. 8, 401 10,94’0, 11, 9117 AE. 10, 140
4414414141 44143 ’4. 4,,444 4431143413134 4414114144, 4,.43 44111
4480 3311113111. 1, 118. 9, 881. 408.,49,7’813
3311311116, 009 410 34134310346, 881
3311314114 41114339, 8. 4, 81 3131134418, 804. 873 331341333341331414114133111·
3433411034 411314 ’.431 8, 38 3433413149. 9, 900 19, 840
31111314ῑὺ141 10, 074. 19, 410 331414 urna 7, ’,189 43 4333 314131113311341331144,891111
3411433 (1.8, ’188 14314 1,(140 3413 33134 11, 714
3413333149. 9, 484 3414111141 133341331331133340, 34133133, 894
caderent 43413411 1, 834 807 3313311’,(19,944
341131 11111 1434114 44134344 49. 341411 argenti 10, 397 (141314 49. &lv ·
4 434 44141444 4441441434 3344443343 ·
341114 3331 10, 88084313311411. 3414134 13333 Μ44’334 9.8,041314449,110.189111
1, 180 701 1141411434 4344 33111 1111111)
3411119, 8, 11, G. 8,804. AE. 341343341310310, 488 41414, AE. 10, 4041111111
41111111 ¹¹ 3144111... ’,1111114489
343 ,

 

