44 174οΠ

(1116611616 peres AE. 5, 580 distinet agger 11661661 Β. 11, divom 11666 (1.3, 31 luen
(11166611 reptem in oresturr'ue 331 AE 1,198. ex (1116116 9,
(1.4,111 (111666166661116111666166117, 7163131
discurritur in muros AE. 11, 767 diversos 1, 79. equor 11, 496
468 districti 16411616166161116, (1166(661111116611,161
discurrunt 9, 164. 11, 5911611 617 diversus 61116 6166. 11, 866
portes 12, 577 diduimnrindivemqueddgm (111·66 cuper 1, 114. Dido
(1166116616 jube 666111 9, 610. ,146116616643 316163. dnegnie 7, 684.
umbre 11,(1111 (11116111 16 venum 11116616. 4, peeoris 11. 1166611111 G. 1,
(111616656166661 G. 3, 317 144616661616 61611661 AE. 468. AE. l, 141, 9111111111·
(111166111611616661661661,283 6, 669. Graecos 1166161 in 61116 6366661161 1616. 613
1616113. l, 43 decimum 666661 9, 155 19, 1616661616, 196
disjecit per 6661161111, 481. Diti Ρ4116614, 702 Divi 61111. 3, 363 6, 791. 12,
1189 ditione 16661661161616 1,136. 18
(111166166161618Λ91 16661611 Cyprum 1, (111. (16161616661616631.1,134
disjectum equore 61666661 l, 6161661161 6666161 7, 737. dividit 16661661 orbem 11116
113 premet ,4661161661 19, 63 G. 1,109. AE. l, 1911166161
(1161661666161661,608 111116 Plutonis G. 4, 467. 519. 3, 383. 11, 45. nune 11116,
(116]66110666611,670 1115, 731, 6, 117. 169. 397. nune 11166 enimam 4,185.
disjectis 166116 8, 315 641. 7, 5611. 6, 6117. 19,199 6111, frontem 16116 9, 761.
disjice 66166111 ponto. l, 70. (11(16161(6(ι(1.9,13(1 6616666666 10, 134
666661 (6616661616 7, 339 61116661666611 ΛΕ. 1,343 7, (111164661.Ρ6116(11161161,16
disjicit 11661616 securi, (6661 637. 9, 360. 19, 663 nerii. 16619, 619
113118 (11611. 1,197 AE. 1, 3611, (1111661166611611. 4111016111·-
(111616ςί616(61161161161,151 609 6, 733. 10, 304. 359. 6161116, 711
disparibus 6166116 Γ.. 1, 36 480. 661. 11, 738. rel divine 66616 Ε. 6, 45. 10, 17
(1116661116 morin AE. 3. 453 Diva 11661. 1,431. 3, 561. 4, (1161616666 6161616666ίὶ6 337.
disperdere 66161611 6116611111. 3111.6,367.8,387.6·14.10, 1611111 1, 1118. 6616611681
3, 17 76. rorat. 6,197. 7, 41. 8, 647 (16661166647. cepis!
dispergit 6666 AE. 10. 416. vi· 396. 116156 1166611179 111, 639
iem in 66166 11, 617 1111116 gen. 1,447.6061, 168. (11(1616166666396
dispersi 1166661111. 3, 197 131 416. 787. 6, 637. 8, (1111611116 611 11116 ingenium G.
disperdi voti 61166161666166 417, 531. roc. plur. E. 10, 1. 415
11, 796 70. AE. 7, 646. 9. 619 divino termine E. 6, 67. ore
dispersum genus 6166116116 8, divellere nodos 1,110. eorpus AE. 3, 373
3111 4, 6011 divinoe 166111 3, 449
(16616616166-116 G. 1, 167 (1116116161 (66616111 1611 8, 668 divinum 6661616 1,403.61116·
(1166116661 G. 3, 56 divellimur 16 e 1, 434 rem 8, 373
disponunt 66666 AE. 3, 317 diverberet 66166 regine 6, (1111611416131491647.
(1166616161 6666161616( Teu· 603. umbrae 666116 16116 9, 3, 19. 8, 103. 3111. 11,196.
eron ,611 411 817
(1166611166116116661166661 diverberet umbrae 16116 6, (111116616661116111166 perri·
1,636. 6611111165, 839 194 G 2, 116
dissensu verio 16111116611616( (1116666616.[6111,111611661- (11116666661166161661116811-
11, 465 bru G. 4, 690. 66161. soem. 166666 E. 1, 67
dissidet (1661116 sceptris 161111 pede AE. 9, 16111. 11, 1113. dividis 117. 6, 610
reparaturi, 3711 eb urbe 1161111661. plur. (1111116166 7, 161. domiui 11,
dissiliunt 66111 G. 3, 363 (111·616666161611616 Ε. 8, 73. 473
(11661111116616166116661666111. ore 11111 G. 4, 191 16616 (111666611416616611 ie, 789
3. 416 66161664367166666116. divortia riarum 9, 379
(111611611161661661-611,741 1, 376. 3. 316. 11, 741. 1111616617,111
dissimilem mafortibus euris 6111113.4166114,163.111- Divos 11. Ι,41.8,19.1113,
1181 , 1616 6, 676 brachie 9, 613. 111. 616. 6, 134 6, 179.
(1166161616611,516 nemine 11, 667. ieie 11, 619.11,3111.11,136
dissimulare 4, 306 716. 6 66116 diverse 6616- diurnis horis G. 3, 4116
dissimulent 4,191 6166 dora 7, 131. in diverse Divum 616. 111. 117117
(1166161161366 quadriga} distulerunt Meii· 1111616666.Ε.3,73 G. 1,
(1161611661 116168,140.16161166 6616641 138. 4, 347. 358. AE. 1,46.
crepitus 11, 913 diverse 66116 11, 487. phorm 65. 79.(131. 1, mmmmm.
(116166116666 66116 3, 116 G. 4, 431 336. 617. 601. 648. 777. 3,
distendere 1666166666 pingui 61161666 661166 AE. 11, 601 5. 114. 148. 359 3767174,
G. 3, 194 diversi 6161. radii G. 1, 446. 96. 101. 104. 356. 378 396.
(116166466111.9,31 6161611161 111. 7, 1611. eir· 6466616116 1168. 633.
(1111666661 nectere 6611166661 (6666161661 0, 416 639. 799. 7, 50. 191 443
1111433 (1116161666166611616 (11111617. 6466131. 604. 679. 9, 6.

6166616666611611116166.4,11 1,163. 66111661 ,11,511. 4961611366166176,
4111611161 11616 repedas 7,3 708 · 743880

 

