170 INDEX

11001111111111 G. ⁴, 400 48. u. 1, 339. 01. 1, 007.’ 1111 prospicem G. 03931111·
situ 1, 70. AE. 0, 400. 7, 440. 3, 133. 305. 489 009. 4, 101 0, 330. hiberni qnid
⁴52 30. 80. 403. 400. 407. 543. pro rentsotingersosenuo
11101111001113,401 0, 0017, 00. 11081. 9, 017. 0, ’1.01.1,740.11111111-
101011αοη1η101010 sortito 11. 3, 1111105111 1111110111071, quodid. wffineltff'gssfioffioz 090. 0,
71 1001001 E. 10, 14101110 si· 000
10110111 Εᾎ4, 40. G. 33034, 11111 odiham Ε. 4, 300. 1011111’111.11111.10111110,440.
100, AE 4, 308 10 sold 1111011 0, 613. sub 10, 1115, plur. E. 10, 30. AE.
10001 6, 830. 7, 317. 10, 100 1100110003.1)110011,090 0, 300. 0,010. 10, 001
1001111 11, 100 1011 mut. plur. E. 8, 10. G. soli hiberno G. 3, 300
100010 11, 449 1, 30. 3, 010 solibus mutun's 1, 00
1010101 0, 107 10, 70 10111111 1100 01011001 ijo AE. 101101 10111. 1111101011 viseum
10111 sum. 101. urbo 3, 300. l, 039. cums 9, 430 AE. 0, 003. 0119, 319
plur. 11101. ngminu 0, 371. 101101111101101000011111111101· 10111111 1111101130
111111 1011101113, 100. 111111 10 G. 1,]00. hoo 1110111111 solidando 1111 01111 G. 1,
1011121111111111111. 0, 00 101ξοἕὲ 1194, 103 1011117111111111111110 AE. 0, 700
10011110011011011101 vinulo 10111113,407.Δ1.4,401.9, 101110001011011 (1004111-
1111111111111111111011 018111201111, om. mquid 11“11111-1331216“1101Ῐ’10.31112
01110111 nulli 01000100111 humandi 111 10, 193. 1100 moute 0, 000. urgento 9,
emt 10, 07 1111103119 3111110010 01111111 111-
1001111110.1111111101000011, 10110110 lonii-e dolentem 4, mitti G. 0, 331. 10 solido
000 394 01111101101101101111011001111
100111 odjum. 11111 0, 30 10110110101011 G. 4, 404 AE. ll, 407
1110111101 thalamo 9, 004 101110 inopom 111. 9, 090 10110001,11 solidum consissit
socii G. 1, 340. 0, 008. AE.l‚ 101111 11001101 contu G. 1, finditur 11111 G. 0, 70. nodis
193. 0, 337. 3, 10. 71. 109. 093 telum AE. 11, 503
040. 030. 0110403404. 004. 10110100180. 0, 307. 3, 10110 l, 000. 0, 390. 7, 109.

ν 030000. 017. 0,1911. 190. 514.11,00 010.1,118.041.10,110. ,

773. 0, 04. 10, 090. 369. 444. solatur E. 0, 40101101 opi· 11, 301

000. 733. 799. 341. ll, 072. lius AE. 0, 41. quos 11101110, 1011110111 G. 1,00.490.0, 478.

360 7701001101 0101110101. 3, 077. 336. 111. l, 740. 0,
sociis 1, 300. 003. 033. 0, 01010010010,110 000. 700. 7, 11. 1310073,

316. 409. 743. 3, 10. 034. 101110101111101011001111110, 63. 19000310, 110. 104

009. 7, 35. 0, 3. 313. 10, 708 101011101101010. 1,.’100

053. 1100331104 1011 E. 0,13. G. 1,034. 788. 31111011 0, 117. 10 aguis 3,
sociorum 3033 3, 174 0, 010. 3, 130. 156. 1111, 049. Mycenis 01. 9, 139.
socios 0370. AE. Ι, 104017. 431. 3, 003. 4, 701. 0, 39. montibus ll, 009

3611390. 083. 0, 001. 339. 0, 034. 7, 007. 700. 0, 03. soliti 1101110 1111011110,οΙ4

1000011010111111. 01111. menn 11100 genn. vinum mun. 1

101, 0, 43. 0113 740. 790. 1011010111.1,04 ρ1111.1110100101111 ulfo
300. 0, 104. 009. 399. 3, 00. 1010111111 AE 0, 30. 10, 763 10111001 auxilium 9, 100. 11111
30. 491. 040. 0. 71. 1011. solebas E. 3, 06 11,001.01011110111101 G.
301. 703. 703. 730. unuln solebat 0, 70. 01. 9, 400. 7, 1, 410

087. 003. 441. 331. 11,10. 704 1011101, canto 001 solitus B.
00. 909. 309. 001. 10, 33. 101110 Ε. 0, 37. G. 1, 43. 393. 0, 03. contendere 111. AE.
110 404. 430. 403. 0, 093. 373. 5, 370. 1111111 111119, 091

socium 0, 101. agmen 2, 013. 3, 439. 4, 03. AE. l, 143. 0, 10110111 10, 849

10111110 4, 140000111ὶο 470. 4, 479430. 0, 041. 10, 1011101110011101011119,39
11000 cape 0, 719. 1111 ud· 170 sollicitando tellus G. 0, 413
didemt 111010 0, 170. 101 solemne 1010011001 10, 193 sollicitant 1111111 1111110003
summis adjungere robusti, 1011010110 honorem 3, 100 1011101111 aegmm AE. 10, 010
199 solemnes pompus G.³,22.AE. sollicitat concubitus primos

socium sociorum 0, 174. 9, 5. 03. 1111 0, 000. dapes 3, 0011101001110.3,131. 01 ;
003. 10, 410 301 1011 quietos AEA, 330. que

socius voomi 7, 004 solemnis dono AE. 0. 006 vos 1011001 01010111,004
1011111110,330 10101001110111010 1011100110- , 1011011000 10,404
101 Ε, 0, 07. G. 1,030. 438. 1111 5, 000. tumulo mittent sollicito tibi &w
403. 0, 301. 3, 307. 4, 01. 0, 330 111103, luo 1011101101 1111Ιί 1100111310,
4111.400.1Ἐ.1,008.3,034. 1011100111. 1,01.0.0, 130 ,o
0118. 7, 1110. 010. 8, 97. 10, 1011011111011 Ε. 0, 74 sollicitum 111110 G. 4, 000
170 solent Ε. 1, 00. G. 3, 401 sollicitus 111 monstris Β. 7,
1011110011. 010001011110100. 101011 0011011111 pecudum 4, 81
1, 30 307 1010111011. E. 003. G. 0, 40.
solo adjeci. nom. sing. E. 10, 1011100111111011.0,00.11110· 063.,3,117. 01. 1, 480. 01

 

