INDEX

666.1ο161161611019,169. 1111111611110.6,7.ο11116- 11,779. 1616801 611·
1 66161111616113,083.1.1· 11611611100471661114, 11111,
⁴ (16110730 0666161110. 011610, 11616 G. 1, 600336. AE. 1,
ingidu 161111 0736. 661114, 610116110648 (16613, 1. 06. 006. 038. 376. 473.

6 0. 16166116 3, 6 301. 11111114,043.1616111 666. 691079. 0,11.34. 673.
, 6111666616 11 Euryalum ⁵2⁸4⁰ 600660. 3,16 86 d,

, 0, 033. cives 10683 1111116111 11111 (1. 1, 434. 6161- 190. 666. 696. 633. 78

11113619, 330. 6, 000. 7, 61111111787 811. 6, 66. 63. 140. 660. 7,
11111161 Taygete Piiae (1.4, 101 060, 8, 471. 637. 9,

11611. 1166161161114. 936 9166111098 009. 10, 07. 46. 110. 914.

3, 003. 5, 308. 600. 770. 6, 1111111 6161061161 ii. 10, 31. 460. 11, 088

356. 484 8, 400. iiii-i. 0, 309. 11616161 (1.3, 67 AE. 6, 075. ’1161116 Ε. 4, 36. AE. 1, 04 0,

10, 350. 351. 10, 614 111161 G. 3, 617. hiem! 60. 340. 5561411. 751. 3,
111111.4,483.1164,611. 6, 4, 136 1111111614,310. 3404601197 6116696614.

401 366. Erinnys AE. 0, 337. 6, 637. 766 7, 933. 8, 001.
1116611 (1. 1, 164 6111116, 316. 161 imago 6, 398. 0, 647. 10, 74. 378
11111611 1, 163. 3, 386 606. pugn· 11, 689. 6116161 1161161 11661. sm. juventus
111661 E. 8, 77. (1. 3, 100 116161661611611661· 1, 467. 699. 0, ,63 4,160.
tricorporis 61111111 106080 (1. l, 76 8, 199. 646. 1611161 6, 80.
tridentem 1, 138 uuum 61611 11111 6166111661 (61611134. 611661 11607.
tridenti G. 1, 13. R. 1,146.0, AE. 3. 014 6161. plur. agmina 7, 144.

418. 610 (11161111 1161611611 61161166- 11611 9, 180. 1111 11, 131
1116160661 16111116,143. 3, guis (1. 3, 400. AE. 0, 476 ’11611611 genii. 61611 1,604.

600 11111 melisphylla G. 4,(13 genus 6, 767 piar. 11111
161666131661661111111116· triticeam in messem 1, 9Ιο 111360

11614, 300 Triton AE. 1144617310, 116111166161614,3408,36.
11111661 1111116 Cerberus 6, 000 116116144οὀ

417 111166116, 304 11611611 opes 0, 4. 10, 600.
11111611 1, 960. 3, 301. 3, Τ11166110,171.1111110616.16111364

44 6, 704. armipotens beili ’1161166 mu). 19, 360. hos·
16116161661116 uuo 3, 467. 1616111116 11, 493 11118,188.11110,691. 11,

7, 030 Tritonidis 0, 906 196
Trinacria 6111. 11161. 611613, 1111611 (1. 1, 100 Troiani 6611116117, 793

654.1166116,460 6616661 uivere 116161161110,444 11611611 mul matribus 6,

3, 384. 1611611 3. 440 Trivia 11161 AE. 7, 774 703
’1116161111 juventus 6, 666 Triviae 6, 13 36. 7, 616. 778. 1161166 sunguine 1,19 560.
1116661111] omnem 3, 880 10, 637. 11, 666. uui 4, 101. 7, 313. Chaone 3,
’11161610 Pachyni 3, 409 ju· 1111111 E. 3, 96. 611660 336. rege 11010

616116,301111116,530 (111111111611161161116160.9, 1161116616, 688. 9, 198 10, .
Τ11611111111]1116,673 34 77.11,806.10,80161,·1161 ,

‘trinacrio liuore 1, 106 1116616111 cntinuo Β. 6, 6, 400
1116611 Ι, 744. 3, 616 836 ’1161166111 agmen 6, 000

111611111116116616611111661 6166161111611611616116111- Τ16116616111161011111,Ἐ6. 1

per 1611116 (1 3, 331 1611 116111 G. 3, 33 dux 4, 194. 166. 1116116,
triplex 161010οθ9 1111161611.11,64 767
11111Ιὶ61 . 8, 73. AE. 6, 110. 6, triumphis 4, 37. 6, 814 1166611, 474

640. 7, 736. 8, 714. 10, triumpho 0, 678 8,7Ι4 , 116161161 interpres 61111613, i

784 triumphos G 1,504.0,148 360 .
tripodas 3, 360 Troades AE. 6, 613 ’1161611611 8, 117 ¹
1111161111 6, 110 “ ’11611 1361006006 10, 1161616417. 6161111606.
111111 iupus 11166111 E. 3, 80. 80. 10, 804 6. 401. 7, 091. 611618, 630.

61111 AE. 9,184. augurium ’11661 1. 170 030. 694. 747. 10,684.886.10,600.616611

6, 7. ministerium 6, 003. 7,01. 0, 1666616111. 766. 10100

1611616166 7, 606. nihii 0, 811, 11131 806.11,600. ’1161111116111336

060 Μ1611161166111,960 19, 931981. 704 1161 AE. 1674660106. 10,
’11111161 pugnum 6, 411 ’11οὸ1 suimus quusi 661 Tuo· 108 960. 19, 793
1111111 1111 E. 9, 14. 1113, 336. 166111111111610,396 Troum 0, 113 11, 161. 19,

66161 G. 4,631. 161611 Ε. ’11611 G. 0, 385. AE. 1,376, 137

1033666616634161· 730 0, 60. lus. 161 006. (1661111613447

1117,617.1ο61111,634 461. 681. 6016317033, trucidant primasii, 404 10, ¹
111111 1616166 (1. 3, 448. 1661116 149. 340. 4, 319. 6, 61. 600 677

4, 960 corde AE 6,186. 6335. 7,044. 036. 9,644.,11161111611.·.(1.1,310

393. 8, 609. 61111 6, 438. 10, 60 116611 AE. 6, 008

111116 7, 646. 8, 00. tubo 8, 1161161116( 6616. sum. gun trudenues pectore 1116611616.

197. tempore 11, 470. moue 1. 119. 9, 763. 161111 6, 33. 3373

11,(130. vulnere 1666111 10, pubes 6, 609. 7, 601. noui. undu gemmas 0, 336

160 1116111161 1, 040. 3, 696. 1166116111161 oleagina e 1166

 

