01· 170303. ss

1111111143,4249,7ὓ 276. 3, 666. fl. 3, 622. 6, 1111111111. 12,92
1111111111 12, 314 160. 7, 798. 8, 211. 306. 698. 1111111161. 6, 662
cohors 7. 710. 11, wo 11, 319. 902 columnus G. 3, 29. 111. 1, 428.
colona o. 1, 111 1111111113.”1,11.1,41.1.1, 11111
11111114 AE. 11, 860 273. AE. 6, 287. 7, 726 1111111111 7, 170
1111111 12, 709 ’ 1111111111111111111111.9,63. 1111111 insulas 3, 212. 1111 7,
11111.11.1,1111.11,411.462 11111111111111131, 16 684. urbem, 11111, rupes,
colu 111111 colligit 11111 ignor 11111111· 1111111111, flumen 7, 714
1111111 l, 30 111 G. Ι, 427. so ungulo ln 1111111111·1111)110.2,396
11111 E. 11,(12 111111112,164.1111111111- 111111 11111111.. 6666
1111611 AE. 4, 468 111 Ε. 10, 412. habenas 11, 1111111111.1,403.477.2,774.
111111111,111.1,111 111 1, rs. 1, 111. o, 11. 11,
1111131286. 222 1111117,619 669
colere AE. 4, 422 11111 E. 6. 60. G. 3, 204.,ι11. 1, comam 1, 319. 2, 652. 9, 473.
1111111114,θῶ 664. 716. 2, 218. 236. 192. 1111161 (1. 4, 1311111112.
1111 3, 77 3, 661. 6, 700. 7, 361. 3, 438. 2, 629. lauri 7, 60
1111111111,786 10, 186. 11, 11. 12. 366. 1111112,684.8,174. 406. 4,
nolit lerru 11. 8, 61, 1113111 11111 1111111111 1111111111- 6911. 7, 76. 863. 394. 8, 274.
11111111 G. 3, 430. Penates 11111 1112436 277. 10, 7261 romu vlllr
11111111 AE. 6, 63. morem 11111111 lo 1111111110.4, G. 2, 868. 1161111 AE. 12,
Rom 7, wll. virginitatis 424 209
111111111101 ll, 684 colloquio Deorum AE. 7, 91 111111111111111111101122.
111111 rur G. 2, 413 1111111111 vorle alque 111111 galeam 12. 2, 391. ololam-
colitur tem 111 3131111111 1⁰‚539 11111 12, 413
8, 73 collucent 61111111 11111111 111. 11111111111111611110.8,812.
couno 2, 642. 3,167. 421. 6, 4, ignes 9,166. lgnlbor 1111111 AE. 8, 468. 11111
11111111111111, 11111111 1....1. 111
277 6,419. 7, 894. 701. 8, collucere 11111 4, 667 1111111111 oolla aqum 12.
660. 9, 331. 10, 838. 11, colludere plumas 111 11111 G. 86
497.6Ἠ.192. 829. 1286. 1369 1111111111.Ε12,7 .711.
’111 conum 111111 11111111, 111. 11111.
1111111111 111111 9, 434. osso 111111111111111111 11111 3, 661 8, 466 9, 179. 223. 10, 321.
(13481111εωῦ11 1.,4, 1111111111 ' 1111111111Μί- 11,33.12,386.]1111.6,292.
3919708 nervo ,80611111111Μ1- 4411638. ΙΙ,479
oollnpnmlorro Rrgr’nomAEA. 1111118,409 1111111111.1.1,111..1.11,
864 1111 1116. Elysium 6, 786 272
11111111 1111111 6, 226 1111111111 E. 4, 20 1111111111· lugo 1111411 4, 143
111111111111119, 769 coloni plur. 9, 4. G. Ι, 721. 11111111111111111111 mor-
11111111111111118,684 2, 386. 3, 289. AE. 1,12 11111111,62
[1111111111 111-11 6. 774 11111111 G. 1, 607. AE. 7, 63. 1111111111 1111111 2, 40. 370.
11111111 11111111 11,117 410. 422 6, 761111 11, 498
rothomo colono (1.1,299 1111111106111 11111111 8, 346,
collecta 11111 61111111 puello colonos AE. 4, 626 1111114,48
l, 320. ex longo 1111111 oolor G. 2, 178. 266. 4, 264. 1111111111 putorem 11118,
16111119, 113. 111 figuram ὣ6,47.11,819 6611. cuneo grossum 111-11111
11461 111111 12, 862 11111161 111111 G. 4, 293 8, 462. 111111 10, 126
collecto 11 olto 1111611 G. 1, 111111 M, 73. G. 1336 1111111111 1111111111 1111111112,
824 11111111 ll. 9, 49. 111 4, 668. 180
1111111111 111111 [roboro AE. 2, 6, 272. 9, 660 1111111111 ριυ11111111.10,186.
798 11111111.4,Δ11,11.1.1, 1111114111 4, 216
1111111111111111, 148 462. 11.. 4, 701. 6,89. 12, 1111111111 6, 363. 7, 681
11111111111111111111112,414. 69 1111111411 111 1111111 1, 812.
7, 682. 9,689 1111111119, ll 1111 moon 6, 112. leeris
1111111111111111 l 170. om· 1111116110.4,866.111.6,609. equilum 9, 48. 111111 11111·
1111111111, 111 1, 111 11111111
111111411 1111111111 9, 11 coluber G. 3, 418. Ξ. 2, 471. 1111111111 011,111111111111111
11011111111111111 G. 1, 114. 7, 363 11614. 12, 836
ί 111 3, 86. robur 3, 236. 1111161110.2,320.111.6,419. 1111111111 2,86. 778. 4, 677.
mf7l7lorrldll 7,329 6, 646. 6, 777. 8, we. 9,
legent 11111 11 nodum Ε. 11111111 111111 0. 2, 632. lrr- 177. 277. 649. 766. 776. 10,
11776 rum 1111, 632. 3, 166. 111- 779. 11,642. 12, 362
111111111111411111111111110. 11111602 111111141111111 G. 1, 346.
8, 327 111111110116111111 12, 778 11111111111111111 Ε. 11,
eollegitse 11 ormoAEnrusAE. 11111111 1111111 1,14. Dirum 61
12, 491 ll, 843 111111111111111111111.
1111111,111.1,111 1111111161 ml. 6, 218 169. 6,801. 8, 69. 111. oo·
111111 E. 9, 7. G. 2,113. 179. 1111114111. 2, 616. 6, 140 tolloneos 2, 181. 1111111

 

