0110100. 11

'ute 3, 310. doux tuorum 8, 0111010, 433. tentem 7, 13,410. 033. 784. 00011
488. tutu 0, 407. 9, 304. pe- 410. illum 011110 8, 007. en· 11011 10000110101110 0. 3,
legi 8, 383. Leuso Parere 1011 1111110109,303 8001111111111011110 0111003,
01110 11 10, 814. gemeu· exure carinux 7, 131 tut. 11100110 4, 301
101111ῗὸοὃ 1111011 classem 1, 39. ugrox 1001010101011111111000110-
01110110 gen. hyemis 0. 1, 3,141.1101109,110 jum 013004
310. agmine 0011110 3, 433. exurite 0100100, 030 10010101 01110 vtro 8, 441
011110000110 1,330 exuritur 000110 igni 0, 743 1101011 vota Ε. 0, 80
0111011101 sororem Ξ.. 4,179. exussit puppes 0, 794 100100 1011. ring. AE. 3, 001,
ventem 4, 480. vocem 4, 011011 petus G. 3, 433 3, 310. 407. 430. 0, m 0,
031. 1111111 7, 073. erenum 1111100 0100001 AE. 10, 30 104. 070. 8, 194. plur. 0. 4,
11, 030 011011001110.1,107 90. AE. 3, 033. 0, 833. 7,
extremus ed 1111100 9, 10 01110 uuum pedem Ξ. 4, 018 339. 8, 398. 9, 131. 13, sul.
¹¹² 1311111133 1111111111 ¹⁶³ 111111· 3 ⁶’
· · · 1 · · 1
1111111. 10111 ’ exuvie, 1. 0013 1. 1111. 100 11111. 0. 1, 11. 11·
0101110.1,114.11.1,100. 011. 1, 100. 001. 0, 001. 10, dicium 1,010
tn 0110 0. 3, 171 433. 111100. 13,940 · {antemuranum
extremouuuo 8,304. 11110103, 11111011. 0411101413 110111 0. 4, 404. AE. 11, 731
043. 000 4, 110. spatio Ε. 110110101111111 0. 1,4011011
0, 337. Olympo 7, 318. 11 1,133. AE. 8033000011
10011010 13, 014 F. 1011111 0.3,338.110111113,
0111111010, 190. 0110110 0. . 400. victu gentem 18. 1,
3,417. gemitus 8, 017. 011100 81111111 fiuvium ὣ. 7, 710 440. fugem 4, 430
clypei Β. 13, 930 rehu 011. 0, 840 1101100 Nymphae E. 8, 8. 111·
extremum 11111. 11001011 E. 1011111010 10110 (1.1,310 mi juvenum G. 8, tut. Nu·
10, 11111 imbrem 01111101 110010111100101. t, 301 01010 4, 030. 0011101 18. 8,
G. 1, 311. 11111. 1111101 E. fabricate [001. est 11101110 11 310
8, 00. AE. 4, 439. tempus 0, 111100 3, 40. 1111. 11101010 100111 10110 E. 8381100110
400. deficere ignem 9, 803. 9, 140 AE. 0. 070
0111113484 1101101101 doti 3, 304 100111111001 (1.1,79 1110111
extremus 1111111111 3, 714. 4, Fabricium 0, 844 1, 300. querentibus 001110
084. 0, 488. 044. 070. 11, fabrilia opere 1,410 4, 373. Ι11011110 reputer-t AE.
701 110 velte 4, 040 3, 040. 110113, 031. deruen-
01110011111111010.4,838 1001 qut sequere colonos 4, 11041111101301001010-
extudit ertum 4,310 030. prugnune 7, 319. 10, tur sue-itt 0, 140. 01111100,
extuleram 0011111 Ε.3,703. 704,01011111010,77 894
2⁰1⁰. etr 01111110 3,,1100652 1104οιιέ 3, 094. 0334007. 7, {aetfflmeefolrtsgux 11, 701
exuere 1011 , 101 11
puppis etzupnurrir 3, 307. lu· 110010 1,070 turio 0011101 4111111011 3, 173
0011 11, 188 tererem 8.. 1, 41. 7, 14 10010001001011 1, 80
01111111011110001110711014 1101101118.9,338 11011 3, 390. 0, 73. eux-minu
119. 41110100Ιο11 11111100, taceret 0. 4, 004 E. 3, 80. 7, 38. jum 011,
00 ·- 1001011839. 0. 1,393. AE. 303. dune 0, 300. vete 0,
extulit 11001 E. t, 30. 0. 3, 1, 100. 4, 007. 004. 0, 037. 381. 110 tetum 7, 008
³⁴!.⁴,³52. 0111371110 040. 001. 0, 093. 7, 337. 100110 tumulum 11043
tectis G. 1, 879. produxit 3, 11, 143. 13, 073. 000 100110 011 memor AE. 13, 438
109. 011011 18. 3, 008. 000· 10000110100001004, 048 fuciunt 0. 3, 130. AE. 3, 330.
100 111 1111010 3, 088. 0100 1100101101 1000004390. 010- 001
01113,111. 0010110 0, 434. cepta 9, 40 11010 1110113101 mae. 04.
11100110 ert 11101 0, 437. 11010011111411110 suetum 11 11807. l, 041. 3, 048. 4,
dextram 0, 444. 01) 0100 sig· 011110 Ε. 8, 77. ex 11110 pug· 190. 090. 8, 388. 483. 010.
uum 110111 8, 3. 00 8, 091. 1111 wulfrum G. 3, 37. 110 10, 383. 309. 398. 791. 11,
1111110 9, 817. ely um 10, 010 1111100 untur tingue 793 .
3113110100 11,7 . 10 tec· 111. 13, 837 101101. num. sem. 001 put·
110 11,403. 10 011110 13,441 fuciunt 11. 8, 10 0111111101 110110 0. 3, 084.
01110001111000010011110001- 100111 18. 1, 08. 9, 399. quid 11- potens [1011100111οο 13. 7,
100 0. 1, 183 0101101101031100 G. t, 1. 041111 per 100110 9, 300.
exuberet 111011 1111011000· 10 parentem 111. 1, 70. ut 001. paee 0, 087. nube 13,
rum l, 191. amnt· xpumte 1101ρί00 10, 870 304. 1001. 01101111 1, 730.
AE. 7, 400 1101111104, 473. 9, 74 11, 341. erma 11111000 Vut·
exuberet 11110 001111 0. 3, 10010 7,19. armorum 3,’413. 001111,439
010 111131103830033. 11010101τί10 11011011 111119,
01011101111118.4,319.000· 11010011 E. 3,30 90
11100, 430 1101011 G. 3, 08. 111. l, 008. 11011 rubet. l, 304. 307. 4, 039.
01001111011111110.3,01 , 083. 0, 307. 010. 7, 410. 7, w), 9, 194. 11,813.13,
01111 emor 0110 01. 1, 090. te· 9, 734. 10, 334. 037. 090. 339. reject. gen. 0011, 111-

 

