INDEX

01· ’1111

woRDs USED IN THE 1101000111,οΕ0110101, AND 00111111) Oi*
i VIRGIL '

Ε. 1011111101 01110111 G. ior 1110101111 Ε. 101 muro-ibe 0111 number 111111 10 101 sologne.
0101100011 1011111000, 1010111111.

Δ Q· Ab snqoeniibr 111111· 01110101010011011000 M, 1011010 0110110111
1111000011 0010110011 01 1100000110110111010.3,018
rotz. ...11111 11111102 , 1101011110

2, 243. 011001 1 ventio 4, 101101111111111111111,10 1010101010111110100114,014

208. 1 010111οῶ. 2, 203. 10111 1, 034. 10, 20. 80. 1010110 me 0010101 2, 720
200. 171031 3, 140. 0, 330 01111110 origine Tiiborri (1. 1011111 11101 3, 818

10 1101101. 10,770. 10 Arpi· 3, 48 101011110010111 1011111111.3,
10, m. 10 integro 01111101 101110 111001 Ε.. 11, 14 400. producere vitam AE. 2,
E. 4, 0. 10 1111300111. 1, 10111013, 401 037. 1101 eonjugium 7, 424
m 0, 123. 7, 213. 1011111 1010011001 1, 100 quis 100011 111114, 108
8, 4110. 10 110111 G. 1, 20. 101011010111110001, 0010111. 1011111110 11111101 10010111·
10.12,717.10111111,110 8, 147 roboreris 10,8
7, 202. 324. 404. 10 usquo neo 10101101010111101 7, 408 neo 100011 omen 0101110,
1110000 7, 230 101 11, 300 031

101110 001111 3, 407 101011 2, 332. 001 equo 111101 abolere 0000010114,407.81·
10101101 10, 427 011111 omnibus 10, 800 1011001 1,720.111111100011
1010013230 abibis 1110111111 carminibus 7, (13000
1011100344 733 aboleri 11101001 111011 Β. 11,
1011 1,121. 10, 170 101011011101011010011Ρ11- 78⁹.

10111 doncamiro. 1100 11111 G. 4, 410. mibi 000 abolescit 1111111117,232
1001011111111111.2,074 0001101, 111. 0,300 10110111 01111 11111111, 1oe
1001011 1110 iugi 11001 G. 3, 1001110. 1,207 1011010ιο divellere 0010014,
422. 101110 111111 110010 10’11101011011.Ε.10,730 000
11101111.2,003.111111101· 1011111. 7, 00. 0. 2, 03. 011 1010100111 101101 4, 031. 11-
1001111,ω.1001001111111 1111111. 8, 01 11013,0700.427
11101 11, 810 101111 111. 2, 10 0, 003. 8, 002. abrumpit 111 0001300111·
1001101110 montibus 7, 387 011 101111 11, 007 nouom 10101010 4, 333.

10011110101101111010111110111 1011111101 0, 071 1001001 1011 G. 3, 031

10000001101100111111 M, 01001110οῗ20 ὼῗῗέωωώμμ Ξ·
40. 10111 0111111111.10,70 100110001031 11110 111 01101001 3, 100. pro·
10001011θ me 111111, in 111111 1001110300 oeni· 0. 8, 200. vinolio Ε.
3, 001 1011 2, 070. quomrum mibi 11, 402

1000111 rirfioo 7, 302 0100110102. arrii 01110 1010010 110111 11 0110001 12,
1001100110 000 G. 1,007 10110, 100. 101 mersuri 401
1000111111110110111101110 imon 11101101111111101 1011112,
Ε. 0, 423 1011 G. 3, 200. AE. 1, 410 0, 087. norbet 111101011ηο

101111111111100111Ι 7,00 313. 3, 380. 100 111010 010· 1111 mm.

Δο1111101111.111.7,740 1111 jamim 0, 700 1111111111 10410

101111 0101 E. 1, 30 101101100111101 golei 0, 314 1011111111 0. 2, 23

 

